3.544914285714285684e-01 3.055190476190476345e-01 2.293190476190476446e+00
3.643384126984127169e-01 2.724047619047619273e-01 2.550777777777777811e+00
5.711250793650793911e-01 2.319317460317460444e-01 1.520428571428571463e+00
1.280107936507936528e-01 1.951380952380952494e-01 2.241673015873015817e+00
4.135733333333333483e-01 3.607095238095238132e-01 2.834123809523809712e+00
3.347974603174603270e-01 3.643888888888888733e-01 2.370466666666666278e+00
2.264806349206349434e-01 2.098555555555555729e-01 2.215914285714285725e+00
9.846984126984127672e-02 2.687253968253968672e-01 2.885641269841269896e+00
1.969396825396825534e-02 3.202365079365079303e-01 1.984085714285714230e+00
2.461746031746031849e-01 3.680682539682539334e-01 1.546187301587301555e+00
2.658685714285714541e-01 3.386333333333333417e-01 2.318949206349206094e+00
2.757155555555556026e-01 1.914587301587301615e-01 2.756847619047618991e+00
4.825022222222222767e-01 2.650460317460317516e-01 2.009844444444444544e+00
6.105130158730158740e-01 3.459920634920634619e-01 1.365876190476190466e+00
3.052565079365079370e-01 2.429698412698412802e-01 1.752257142857142735e+00
5.415841269841270567e-01 3.864650793650793448e-01 1.571946031746031647e+00
4.037263492063492554e-01 3.239158730158729904e-01 2.138638095238095005e+00
3.151034920634920855e-01 3.901444444444444049e-01 1.700739682539682551e+00
2.363276190476190641e-01 3.717476190476190490e-01 1.674980952380952459e+00
1.083168253968254113e-01 3.533507936507936931e-01 1.932568253968253824e+00
1.378577777777778013e-01 2.172142857142857209e-01 1.443152380952380964e+00
1.969396825396825534e-01 3.091984126984126946e-01 2.576536507936507903e+00
3.446444444444444755e-01 2.208936507936508087e-01 2.344707936507936630e+00
5.120431746031746112e-01 2.760841269841269874e-01 2.808365079365079175e+00
3.741853968253968654e-01 3.018396825396825189e-01 1.778015873015873050e+00
3.938793650793651069e-02 2.981603174603174589e-01 1.829533333333333234e+00
1.477047619047619220e-01 3.827857142857142847e-01 2.782606349206349083e+00
5.908190476190476603e-02 2.024968253968253973e-01 1.881050793650793640e+00
2.855625396825396956e-01 2.135349206349206330e-01 1.855292063492063548e+00
2.954095238095238302e-02 2.392904761904761923e-01 2.731088888888888899e+00
4.628082539682539798e-01 4.158999999999999919e-01 2.267431746031745909e+00
2.166336507936508227e-01 3.496714285714285775e-01 2.421984126984126906e+00
8.862285714285714211e-02 3.570301587301587531e-01 1.391634920634920558e+00
2.067866666666666742e-01 2.540079365079365159e-01 1.726498412698412643e+00
6.892888888888890064e-02 2.245730158730158688e-01 2.859882539682539360e+00
1.772457142857142842e-01 2.797634920634920475e-01 1.597704761904761739e+00
6.006660317460318366e-01 3.275952380952381060e-01 2.911399999999999988e+00
5.317371428571429082e-01 3.791063492063492246e-01 1.803774603174603142e+00
4.332673015873016453e-01 2.061761904761904851e-01 2.705330158730158807e+00
1.181638095238095321e-01 4.085412698412698163e-01 2.679571428571428271e+00
5.809720634920635396e-01 3.312746031746032216e-01 1.649222222222222145e+00
4.726552380952381283e-01 2.356111111111111045e-01 1.340117460317460374e+00
9.846984126984127672e-03 1.841000000000000136e-01 1.906809523809523732e+00
4.431142857142857383e-01 2.576873015873015760e-01 2.447742857142856998e+00
4.923492063492063697e-01 2.908015873015873387e-01 2.112879365079364913e+00
5.908190476190476881e-01 3.754269841269841645e-01 1.958326984126983916e+00
2.560215873015873056e-01 3.938238095238095204e-01 2.653812698412698623e+00
5.218901587301587597e-01 2.944809523809523988e-01 2.035603174603174637e+00
2.954095238095238440e-01 2.834428571428571630e-01 1.623463492063492053e+00
1.870926984126984327e-01 4.122206349206349318e-01 2.499260317460317182e+00
5.612780952380952426e-01 2.466492063492063402e-01 2.087120634920634821e+00
4.234203174603174968e-01 3.165571428571428703e-01 2.525019047619047718e+00
0.000000000000000000e+00 2.282523809523809566e-01 2.473501587301587534e+00
3.249504761904762340e-01 3.349539682539682817e-01 1.314358730158730060e+00
1.673987301587301635e-01 2.503285714285714558e-01 2.190155555555555633e+00
3.938793650793651069e-01 2.871222222222222231e-01 2.628053968253968087e+00
4.529612698412698868e-01 4.048619047619047562e-01 2.396225396825396814e+00
6.203600000000000225e-01 3.423126984126984018e-01 2.602295238095237995e+00
3.840323809523809584e-01 2.613666666666666916e-01 1.468911111111111056e+00
5.021961904761904627e-01 4.011825396825396961e-01 1.288599999999999968e+00
4.923492063492063836e-02 3.128777777777778102e-01 2.164396825396825541e+00
5.514311111111112051e-01 1.988174603174603372e-01 2.061361904761904729e+00
7.877587301587302138e-02 3.975031746031746360e-01 1.494669841269841148e+00
1.575517460317460428e-01 1.877793650793651015e-01 1.417393650793650650e+00
