4.661769590643274896e-01 3.474444444444444446e-01 2.417916959064327465e+00
1.559969590643275061e-01 3.427000000000000046e-01 2.659913450292397563e+00
1.179046783625731093e-01 2.566222222222221960e-01 1.644477192982455982e+00
1.523691228070175596e-01 3.643888888888888733e-01 2.859204678362572860e+00
1.215325146198830419e-01 3.345666666666666789e-01 2.432152046783625732e+00
3.627836257309941751e-03 3.975999999999999535e-01 1.710907602339181155e+00
2.739016374269006016e-01 1.847777777777777908e-01 1.511616374269005858e+00
4.933857309941520608e-01 4.003111111111110620e-01 1.345540350877193037e+00
1.832057309941520495e-01 2.274777777777777787e-01 1.374010526315789349e+00
3.392026900584795279e-01 3.569333333333333247e-01 2.503327485380117068e+00
5.605007017543860437e-01 2.051111111111111329e-01 2.764304093567251375e+00
4.516656140350877591e-01 4.118333333333333290e-01 1.620752046783625611e+00
2.865990643274853866e-01 3.996333333333332849e-01 2.213880701754385782e+00
5.895233918128655048e-01 2.647555555555555773e-01 1.625497076023391774e+00
5.514311111111110941e-01 3.338888888888889017e-01 1.653967251461988308e+00
1.251603508771929885e-01 3.284666666666666845e-01 1.407225730994152046e+00
6.530105263157895412e-02 3.698111111111110905e-01 2.574502923976607960e+00
5.768259649122807753e-01 2.484888888888888980e-01 1.696672514619883110e+00
3.664114619883040991e-01 3.203333333333333588e-01 2.664658479532163504e+00
3.464583625730994210e-01 3.718444444444444219e-01 2.365721637426900337e+00
4.897578947368421559e-02 2.938999999999999946e-01 1.891218713450292466e+00
3.972480701754386168e-01 2.776333333333333431e-01 2.413171929824561524e+00
5.169666666666666854e-01 2.003666666666666929e-01 2.337251461988303802e+00
3.029243274853801182e-01 2.261222222222222245e-01 1.302835087719298235e+00
5.260362573099415240e-01 3.738777777777777533e-01 2.104745029239766030e+00
5.369197660818714191e-01 1.888444444444444537e-01 2.199645614035087515e+00
3.519001169590643685e-01 2.410333333333333494e-01 1.691927485380116947e+00
2.231119298245614058e-01 3.413444444444444503e-01 1.483146198830409324e+00
3.500861988304093675e-01 1.996888888888888880e-01 1.858003508771929768e+00
4.625491228070175986e-01 3.366000000000000103e-01 1.355030409356725141e+00
1.451134502923976700e-02 2.532333333333333103e-01 1.701417543859649051e+00
6.076625730994152930e-01 2.681444444444444630e-01 1.967139181286549743e+00
1.088350877192982569e-02 1.963000000000000023e-01 1.535341520467836229e+00
3.337609356725146359e-01 2.024000000000000243e-01 2.166430409356725040e+00
4.806883040935672757e-01 4.125111111111111062e-01 1.307580116959064398e+00
1.269742690058479617e-01 1.868111111111111222e-01 2.607718128654970435e+00
4.716187134502924372e-01 3.914999999999999591e-01 1.331305263157894769e+00
4.190150877192982959e-01 3.650666666666666504e-01 1.929178947368420882e+00
2.575763742690058700e-01 3.799777777777777477e-01 2.228115789473684050e+00
2.884129824561403876e-01 3.616777777777777647e-01 1.758357894736842120e+00
3.319470175438596904e-01 3.237222222222222445e-01 1.392990643274853779e+00
5.042692397660819559e-01 4.104777777777777747e-01 2.807009356725146176e+00
2.086005847953216474e-01 3.521888888888888847e-01 2.019334502923976427e+00
2.285536842105263255e-01 3.494777777777777761e-01 1.763102923976608061e+00
5.060831578947369014e-01 2.389999999999999902e-01 2.266076023391812910e+00
2.321815204678362721e-01 2.952555555555555489e-01 1.336050292397660710e+00
1.342299415204678548e-01 4.009888888888888392e-01 1.516361403508771799e+00
4.734326315789473827e-01 2.688222222222222402e-01 2.811754385964912117e+00
3.754810526315789931e-01 2.722111111111111259e-01 2.626698245614035088e+00
2.630181286549707620e-01 2.471333333333333437e-01 2.171175438596490981e+00
1.306021052631579082e-01 2.986444444444444346e-01 1.611261988304093506e+00
3.011104093567251727e-01 4.152222222222222148e-01 2.441642105263158058e+00
4.571073684210526511e-01 3.820111111111110791e-01 2.621953216374269147e+00
6.094764912280702385e-01 3.609999999999999876e-01 2.370466666666666278e+00
5.750120467836257188e-01 2.200222222222222301e-01 1.744122807017543852e+00
1.850196491228070228e-01 3.887888888888888506e-01 1.872238596491228035e+00
5.278501754385964695e-01 3.054222222222222061e-01 2.024079532163742812e+00
1.813918128654970763e-01 2.281555555555555559e-01 1.298090058479532072e+00
5.078970760233918469e-01 2.213777777777777844e-01 2.318271345029239594e+00
1.705083040935672645e-01 2.525555555555555332e-01 2.066784795321637169e+00
5.133388304093567944e-01 2.179888888888888987e-01 2.000354385964912218e+00
5.024553216374268994e-01 2.146000000000000130e-01 1.801063157894736921e+00
4.371542690058479730e-01 3.582888888888888790e-01 1.402480701754385883e+00
2.013449122807017544e-01 3.806555555555555248e-01 2.650423391812865681e+00
3.101800000000000113e-01 3.318555555555555703e-01 2.436897076023391673e+00
1.632526315789473853e-02 2.803444444444444517e-01 1.677692397660818679e+00
1.940892397660818891e-01 3.623555555555555419e-01 2.825989473684210385e+00
7.437064327485380655e-02 4.097999999999999976e-01 1.962394152046783580e+00
5.786398830409357208e-01 2.932222222222222174e-01 1.312325146198830339e+00
5.151527485380117399e-01 4.158999999999999919e-01 1.440440935672514522e+00
2.902269005847953331e-01 2.701777777777777945e-01 1.782083040935672491e+00
5.586867836257309872e-01 2.640777777777778002e-01 2.536542690058479543e+00
2.158562573099415405e-01 2.295111111111111102e-01 2.598228070175438553e+00
3.228774269005847963e-01 2.715333333333333488e-01 2.498582456140350683e+00
4.172011695906432949e-01 2.234111111111111159e-01 2.294546198830409445e+00
2.920408187134503342e-01 1.956222222222222251e-01 1.886473684210526081e+00
6.167321637426900760e-02 3.060999999999999832e-01 2.726343859649122514e+00
2.557624561403508689e-01 3.169444444444444731e-01 1.397735672514619942e+00
4.534795321637426907e-02 3.399888888888888960e-01 2.716853801169590632e+00
4.843161403508772223e-01 3.576111111111111018e-01 1.288599999999999968e+00
8.525415204678363224e-02 3.393111111111111189e-01 2.697873684210525980e+00
2.847851461988304411e-01 1.990111111111111108e-01 2.906654970760233603e+00
4.897578947368421143e-01 3.332111111111111246e-01 2.218625730994151724e+00
3.083660818713450658e-01 2.878000000000000003e-01 1.924433918128654941e+00
9.432374269005848466e-02 2.850888888888888917e-01 1.720397660818713259e+00
3.627836257309941526e-01 2.423888888888889037e-01 1.634987134502923878e+00
5.496171929824561486e-01 3.542222222222222161e-01 1.706162573099415214e+00
3.954341520467836713e-01 2.444222222222222352e-01 2.005099415204678159e+00
5.877094736842105593e-01 1.895222222222222308e-01 2.830734502923976770e+00
2.122284210526315940e-01 2.369666666666666588e-01 2.356231578947368455e+00
6.040347368421052909e-01 2.606888888888888589e-01 1.293345029239766131e+00
0.000000000000000000e+00 2.044333333333333558e-01 2.555522807017543752e+00
2.067866666666666742e-01 3.881111111111110734e-01 1.995609356725146277e+00
5.623146198830409892e-01 3.704888888888888676e-01 2.242350877192982317e+00
8.162631578947368571e-02 2.132444444444444587e-01 2.631443274853801029e+00
4.153872514619883494e-01 1.908777777777777851e-01 2.821244444444443999e+00
5.858955555555556138e-01 2.911888888888888860e-01 1.521106432748537962e+00
1.596247953216374249e-01 3.759111111111110848e-01 2.707363742690058306e+00
3.809228070175438990e-02 3.128777777777778102e-01 1.317070175438596502e+00
2.811573099415204946e-01 1.983333333333333337e-01 1.853258479532163605e+00
1.505552046783625864e-01 3.359222222222222332e-01 1.772592982456140387e+00
4.407821052631579195e-01 3.684555555555555362e-01 1.549576608187134497e+00
2.140423391812865672e-01 3.637111111111110962e-01 2.702618713450292365e+00
5.840816374269006683e-01 4.023444444444443935e-01 2.849714619883040534e+00
6.167321637426901315e-01 2.098555555555555729e-01 2.560267836257310137e+00
4.988274853801170083e-01 2.810222222222222288e-01 2.128470175438596179e+00
9.795157894736843118e-02 1.929111111111111165e-01 1.459421052631578952e+00
3.283191812865497439e-01 2.518777777777777560e-01 1.530596491228070066e+00
5.187805847953216309e-01 2.057888888888889101e-01 2.379956725146199048e+00
2.829712280701754401e-01 2.756000000000000116e-01 1.544831578947368333e+00
2.720877192982456561e-01 3.860777777777777420e-01 2.617208187134502761e+00
3.265052631578947429e-01 3.277888888888889074e-01 2.398936842105262812e+00
2.303676023391812988e-01 3.013555555555555432e-01 2.636188304093566970e+00
4.462238596491228115e-01 2.288333333333333330e-01 2.612463157894736820e+00
5.713842105263158277e-01 3.122000000000000330e-01 2.142705263157894890e+00
4.298985964912280799e-01 2.403555555555555445e-01 1.658712280701754249e+00
3.210635087719298508e-01 3.813333333333333020e-01 2.043059649122807020e+00
6.112904093567251840e-01 2.749222222222222345e-01 1.616007017543859670e+00
4.698047953216374362e-01 2.478111111111111209e-01 2.327761403508771920e+00
2.539485380116959234e-01 4.077666666666666107e-01 1.582791812865496972e+00
3.918063157894737247e-01 3.745555555555555305e-01 1.895963742690058407e+00
6.711497076023392738e-02 3.271111111111111303e-01 1.943414035087719149e+00
5.097109941520467924e-01 3.074555555555555375e-01 2.783284210526315583e+00
9.069590643274853814e-02 2.871222222222222231e-01 2.247095906432748258e+00
2.974825730994152262e-01 2.572999999999999732e-01 2.076274853801169495e+00
1.142768421052631628e-01 1.935888888888888937e-01 1.383500584795321675e+00
7.074280701754386003e-02 4.016666666666666163e-01 2.209135672514619841e+00
1.414856140350877201e-01 3.765888888888888619e-01 2.911399999999999988e+00
1.396716959064327468e-01 3.420222222222222275e-01 1.464166081871344893e+00
4.353403508771930275e-02 4.043777777777777249e-01 2.118980116959064297e+00
1.922753216374269158e-01 1.854555555555555679e-01 2.280311111111111178e+00
6.131043274853801295e-01 1.915555555555555622e-01 1.952904093567251476e+00
2.249258479532163790e-01 4.145444444444444376e-01 2.835479532163742711e+00
4.081315789473684563e-01 2.891555555555555546e-01 2.261330994152046525e+00
6.185460818713450770e-01 2.335777777777777731e-01 2.204390643274853900e+00
2.775294736842105481e-01 2.559444444444444189e-01 1.938669005847953208e+00
1.088350877192982569e-01 2.430666666666666809e-01 1.492636257309941428e+00
5.296640935672515260e-01 2.328999999999999959e-01 1.753612865497075957e+00
5.967790643274853979e-01 2.864444444444444460e-01 1.554321637426900438e+00
2.612042105263158165e-01 1.841000000000000136e-01 2.868694736842105186e+00
1.886474853801169693e-01 3.352444444444444560e-01 2.285056140350877119e+00
5.623146198830409476e-02 2.247666666666666702e-01 1.359775438596491082e+00
4.099454970760234018e-01 3.108444444444444787e-01 1.933923976608187045e+00
1.287881871345029350e-01 2.844111111111111145e-01 2.427407017543859347e+00
3.827367251461988307e-01 2.735666666666666802e-01 2.565012865497076078e+00
2.376232748538011919e-01 2.539111111111110874e-01 2.185410526315789248e+00
3.845506432748538317e-01 2.417111111111111266e-01 1.739377777777777689e+00
4.008759064327485633e-01 3.596444444444444333e-01 2.745323976608187166e+00
5.115249122807017379e-01 2.207000000000000073e-01 1.976629239766081847e+00
2.339954385964912453e-01 3.467666666666666675e-01 2.602973099415204494e+00
6.058486549707602364e-01 2.945777777777777717e-01 2.693128654970760039e+00
1.759500584795321843e-01 4.057333333333332792e-01 1.881728654970760140e+00
4.208290058479532414e-01 3.189777777777778045e-01 2.759559064327484990e+00
5.405476023391813101e-01 1.874888888888888994e-01 2.683638596491228157e+00
4.280846783625731344e-01 2.437444444444444580e-01 2.797519298245613850e+00
4.752465497076023837e-01 3.711666666666666448e-01 2.332506432748537861e+00
4.970135672514620073e-01 3.589666666666666561e-01 2.455877192982455881e+00
2.539485380116959096e-02 2.586555555555555275e-01 2.009844444444444100e+00
8.706807017543860550e-02 3.935333333333332906e-01 1.630242105263157715e+00
5.985929824561403434e-01 3.162666666666666959e-01 1.369265497076023408e+00
5.731981286549707733e-01 3.555777777777777704e-01 2.754814035087719049e+00
9.069590643274854161e-03 2.396777777777777674e-01 1.682437426900584843e+00
4.534795321637427046e-01 3.210111111111111359e-01 1.824788304093567071e+00
3.990619883040936178e-01 3.196555555555555816e-01 1.606516959064327565e+00
1.614387134502923982e-01 2.376444444444444359e-01 2.408426900584795138e+00
3.301330994152046894e-01 2.600111111111110818e-01 2.133215204678362564e+00
5.478032748538012031e-01 2.898333333333333317e-01 2.474857309941520533e+00
3.373887719298245824e-01 3.006777777777777660e-01 1.497381286549707591e+00
3.718532163742690466e-01 4.084444444444443878e-01 2.403681871345029197e+00
5.677563742690059367e-01 3.528666666666666618e-01 2.550777777777777366e+00
3.809228070175438852e-01 2.762777777777777888e-01 1.820043274853801130e+00
5.532450292397661507e-01 3.379555555555555646e-01 2.470112280701754592e+00
3.156217543859649588e-01 2.173111111111111216e-01 2.038314619883040635e+00
1.686943859649122912e-01 3.460888888888888903e-01 1.981374269005848010e+00
4.317125146198830810e-01 2.071444444444444644e-01 2.541287719298245484e+00
2.757155555555555471e-01 2.017222222222222472e-01 2.588738011695906227e+00
1.378577777777777735e-01 2.884777777777777774e-01 2.114235087719298356e+00
1.360438596491228280e-01 2.579777777777777503e-01 2.802264327485380235e+00
9.250982456140351140e-02 4.064111111111110564e-01 1.597026900584795239e+00
2.684598830409357095e-01 2.728888888888889031e-01 2.792774269005847909e+00
1.650665497076023447e-01 2.545888888888888646e-01 2.341996491228069743e+00
2.938547368421052797e-01 3.305000000000000160e-01 2.569757894736842019e+00
4.951996491228070618e-01 3.962444444444443992e-01 2.678893567251461771e+00
4.788743859649123302e-01 3.135555555555555873e-01 2.323016374269005979e+00
4.480377777777778125e-01 2.613666666666666361e-01 1.416715789473684151e+00
6.022208187134503454e-01 3.501555555555555532e-01 2.892419883040935780e+00
3.609697076023392071e-01 3.847222222222221877e-01 2.583992982456140286e+00
1.723222222222222377e-01 4.030222222222221706e-01 1.445185964912280685e+00
4.262707602339181334e-01 2.817000000000000060e-01 1.834278362573099397e+00
3.119939181286550123e-01 4.131888888888888833e-01 1.487891228070175487e+00
4.244568421052631879e-01 2.064666666666666872e-01 1.848513450292397664e+00
3.065521637426900647e-01 3.020333333333333203e-01 1.715652631578947318e+00
3.428305263157894744e-01 2.139222222222222358e-01 2.389446783625730930e+00
5.006414035087719538e-01 4.111555555555555519e-01 2.147450292397660832e+00
5.804538011695906663e-01 2.837333333333333374e-01 2.313526315789473653e+00
2.049727485380117009e-01 2.112111111111111272e-01 2.750069005847953107e+00
2.358093567251462117e-02 3.691333333333333133e-01 1.767847953216374224e+00
1.052072514619883103e-01 2.972888888888888803e-01 2.062039766081871228e+00
2.521346198830409779e-01 3.562555555555555475e-01 2.161685380116959099e+00
3.791088888888889397e-01 4.070888888888888335e-01 1.435695906432748581e+00
1.070211695906432836e-01 3.244000000000000217e-01 2.232860818713450435e+00
3.899923976608187237e-01 3.867555555555555191e-01 2.360976608187134396e+00
5.550589473684210962e-01 2.708555555555555716e-01 2.099999999999999645e+00
5.659424561403508802e-01 2.925444444444444403e-01 2.816499415204678058e+00
1.124629239766081895e-01 2.783111111111111202e-01 2.014589473684210486e+00
2.267397660818713523e-01 2.905111111111111089e-01 1.867493567251461872e+00
4.353403508771930275e-01 3.149111111111111416e-01 2.788029239766081524e+00
3.047382456140351192e-01 3.264333333333333531e-01 2.152195321637426773e+00
5.804538011695906802e-02 3.406666666666666732e-01 1.502126315789473754e+00
5.931512280701755069e-01 3.826888888888888562e-01 2.308781286549707268e+00
2.430650292397660839e-01 2.769555555555555659e-01 1.578046783625731031e+00
1.868335672514619961e-01 2.268000000000000016e-01 2.901909941520467662e+00
5.224084210526316330e-01 2.634000000000000230e-01 1.449930994152046626e+00
4.026898245614035088e-01 3.894666666666666277e-01 2.778539181286549642e+00
3.246913450292397973e-01 2.254444444444444473e-01 2.522307602339181276e+00
2.666459649122807085e-01 3.677777777777777590e-01 1.478401169590643160e+00
1.777639766081871575e-01 2.457777777777777894e-01 2.237605847953216376e+00
5.078970760233918191e-02 3.731999999999999762e-01 2.840224561403508652e+00
2.212980116959064603e-01 2.491666666666666752e-01 2.289801169590643504e+00
4.770604678362573292e-01 2.918666666666666631e-01 2.479602339181286474e+00
1.451134502923976666e-01 3.921777777777777363e-01 2.033569590643274694e+00
1.632526315789473714e-01 1.861333333333333451e-01 1.559066666666666601e+00
1.160907602339181360e-01 3.535444444444444390e-01 2.052549707602339346e+00
7.255672514619883502e-03 2.315444444444444416e-01 2.299291228070175386e+00
1.233464327485380152e-01 3.454111111111111132e-01 2.740578947368421225e+00
1.197185964912280826e-01 2.105333333333333501e-01 2.769049122807017316e+00
1.324160233918128815e-01 2.593333333333333046e-01 1.639732163742690041e+00
9.976549707602340444e-02 2.342555555555555502e-01 2.465367251461988207e+00
2.358093567251462186e-01 3.115222222222222559e-01 1.350285380116958978e+00
4.335264327485380265e-01 3.223666666666666902e-01 2.517562573099414891e+00
5.423615204678362556e-01 3.853999999999999648e-01 2.546032748538011425e+00
3.682253801169591001e-01 3.176222222222222502e-01 1.326560233918128606e+00
6.348713450292398086e-02 3.040666666666666518e-01 2.593483040935672612e+00
3.736671345029239921e-01 3.440555555555555589e-01 2.669403508771929445e+00
3.138078362573099578e-01 3.515111111111111075e-01 1.986119298245613951e+00
3.573418713450292605e-01 3.081333333333333147e-01 2.460622222222221822e+00
4.425960233918129205e-01 2.451000000000000123e-01 1.839023391812865338e+00
7.799847953216375307e-02 3.752333333333333076e-01 2.527052631578947217e+00
4.552934502923977056e-01 2.037555555555555786e-01 1.601771929824561402e+00
4.679908771929824907e-01 1.969777777777777794e-01 1.321815204678362443e+00
2.104145029239766207e-01 3.840444444444444105e-01 2.137960233918128505e+00
5.441754385964913121e-01 3.772666666666666391e-01 1.729887719298245585e+00
3.482722807017544220e-01 3.833666666666666334e-01 2.090509941520467763e+00
8.344023391812865897e-02 3.311777777777777931e-01 1.748867836257309794e+00
4.172011695906432949e-02 2.993222222222222118e-01 1.340795321637426873e+00
3.555279532163743150e-01 4.138666666666666605e-01 2.375211695906432663e+00
1.541830409356725329e-01 3.901444444444444049e-01 1.525851461988304125e+00
5.205945029239766875e-01 2.552666666666666417e-01 1.777338011695906328e+00
5.260362573099415517e-02 1.922333333333333394e-01 1.843768421052631501e+00
2.648320467836257630e-01 3.487999999999999989e-01 2.275566081871344792e+00
2.194840935672514870e-01 2.661111111111111316e-01 2.493837426900584742e+00
4.045037426900585098e-01 2.789888888888888974e-01 2.057294736842105287e+00
7.255672514619883329e-02 3.155888888888889188e-01 1.957649122807017417e+00
3.192495906432748498e-01 2.674666666666666859e-01 2.844969590643274593e+00
3.627836257309941664e-02 3.664222222222222047e-01 1.668202339181286575e+00
4.117594152046784028e-01 3.670999999999999819e-01 2.047804678362572961e+00
5.459893567251462576e-01 3.433777777777777818e-01 2.028824561403508753e+00
5.568728654970760417e-01 3.372777777777777874e-01 1.900708771929824348e+00
1.487412865497076131e-01 2.308666666666666645e-01 2.712108771929824691e+00
1.813918128654970876e-03 4.091222222222221649e-01 1.791573099415204595e+00
6.892888888888888677e-02 3.630333333333333190e-01 1.796318128654970536e+00
2.793433918128654936e-01 2.030777777777778015e-01 2.223370760233918109e+00
2.176701754385965137e-02 2.193444444444444530e-01 2.640933333333332911e+00
3.881784795321637782e-01 2.078222222222222415e-01 1.829533333333333234e+00
3.772949707602339386e-01 2.010444444444444700e-01 1.905453801169590733e+00
1.106490058479532301e-01 3.982777777777777306e-01 1.734632748538011526e+00
5.441754385964912843e-03 4.050555555555555021e-01 1.388245614035087616e+00
1.813918128654970832e-02 2.959333333333333260e-01 2.878184795321637068e+00
9.613766081871345792e-02 3.508333333333333304e-01 2.346741520467836128e+00
3.645975438596491536e-01 2.091777777777777958e-01 2.773794152046783701e+00
2.394371929824561651e-01 2.667888888888889087e-01 1.473656140350877219e+00
2.485067836257310037e-01 2.383222222222222131e-01 2.251840935672514643e+00
8.888198830409357876e-02 3.088111111111110918e-01 1.430950877192982418e+00
5.695702923976608822e-01 2.966111111111111032e-01 2.085764912280701822e+00
1.432995321637426933e-01 3.657444444444444276e-01 2.351486549707602514e+00
3.174356725146199043e-01 2.301888888888888873e-01 1.805808187134502862e+00
4.444099415204678660e-01 2.240888888888888930e-01 1.919688888888888778e+00
1.033933333333333371e-01 1.902000000000000079e-01 2.531797660818713602e+00
1.795778947368421030e-01 2.166333333333333444e-01 1.426205847953216255e+00
3.446444444444444338e-02 2.125666666666666815e-01 2.897164912280701721e+00
4.825022222222222767e-01 2.695000000000000173e-01 1.663457309941520412e+00
3.700392982456140456e-01 3.874333333333332963e-01 1.810553216374268803e+00
2.031588304093567277e-01 3.230444444444444674e-01 2.451132163742689940e+00
4.226429239766081869e-01 3.955666666666666220e-01 2.508072514619883009e+00
2.956686549707602252e-01 4.036999999999999478e-01 2.304036257309941327e+00
3.083660818713450380e-02 2.999999999999999889e-01 1.876983625730994198e+00
3.355748538011696369e-01 2.979666666666666575e-01 1.421460818713450314e+00
4.915718128654971153e-01 2.227333333333333387e-01 1.649222222222222145e+00
1.269742690058479548e-02 2.349333333333333274e-01 2.394191812865496871e+00
4.389681871345029740e-01 3.969222222222221763e-01 2.674148538011695830e+00
3.446444444444444755e-01 1.881666666666666765e-01 1.672947368421052516e+00
3.591557894736842060e-01 3.216888888888889131e-01 1.914943859649122615e+00
4.607352046783625976e-01 2.511999999999999789e-01 1.990864327485379892e+00
2.902269005847953401e-02 2.085000000000000187e-01 2.180665497076023307e+00
4.135733333333333483e-01 3.942111111111110677e-01 2.512817543859648950e+00
1.015794152046783638e-01 2.322222222222222188e-01 1.573301754385964868e+00
2.992964912280701717e-01 3.786222222222221934e-01 2.484347368421052415e+00
2.466928654970760304e-01 2.464555555555555666e-01 2.422661988304093406e+00
2.448789473684210571e-01 3.067777777777777604e-01 2.655168421052631622e+00
5.913373099415204504e-01 2.186666666666666758e-01 1.948159064327485313e+00
5.441754385964912843e-02 2.498444444444444523e-01 1.568556725146198705e+00
3.863645614035087772e-01 2.356111111111111045e-01 2.256585964912280584e+00
6.004069005847953999e-01 3.291444444444444617e-01 1.815298245614034967e+00
2.720877192982456422e-02 2.830555555555555602e-01 2.071529824561403554e+00
4.498516959064327581e-01 3.908222222222221820e-01 2.688383625730994098e+00
1.469273684210526398e-01 2.220555555555555616e-01 1.378755555555555512e+00
5.641285380116959347e-01 2.118888888888889044e-01 1.725142690058479422e+00
5.314780116959064715e-01 3.725222222222221991e-01 2.863949707602339245e+00
5.387336842105263646e-01 3.948888888888888449e-01 2.190155555555555189e+00
4.716187134502924233e-02 3.779444444444444162e-01 2.156940350877192714e+00
3.990619883040935623e-02 2.159555555555555673e-01 1.687182456140350784e+00
5.332919298245614170e-01 2.857666666666666688e-01 2.270821052631578851e+00
4.063176608187134553e-01 2.796666666666666745e-01 2.194900584795321574e+00
2.702738011695906550e-01 2.627222222222222459e-01 2.873439766081871127e+00
2.412511111111111384e-01 2.654333333333333544e-01 2.854459649122806919e+00
7.618456140350877981e-02 2.823777777777777831e-01 1.910198830409356674e+00
1.904614035087719426e-01 1.976555555555555566e-01 1.592281871345029298e+00
5.822677192982456118e-01 3.989555555555555078e-01 2.887674853801169395e+00
6.203600000000000225e-01 3.047444444444444289e-01 1.563811695906432764e+00
4.643630409356725441e-01 3.183000000000000274e-01 2.721598830409356573e+00
5.242223391812865785e-01 1.949444444444444480e-01 2.384701754385964989e+00
2.593902923976608155e-01 3.447333333333333361e-01 2.882929824561403453e+00
1.741361403508772110e-01 3.298222222222222388e-01 1.506871345029239695e+00
1.977170760233918356e-01 2.620444444444444132e-01 1.468911111111111056e+00
2.503207017543859769e-01 3.386333333333333417e-01 1.786828070175438654e+00
1.959031578947368624e-01 3.142333333333333645e-01 2.095254970760233704e+00
3.537140350877193140e-01 3.928555555555555134e-01 2.446387134502923999e+00
4.589212865497076521e-01 3.325333333333333474e-01 2.175920467836257366e+00
3.410166081871345289e-01 3.481222222222222218e-01 1.364520467836257245e+00
7.981239766081871245e-02 3.792999999999999705e-01 1.587536842105263135e+00
3.265052631578947706e-02 3.257555555555555760e-01 2.645678362573099296e+00
6.149182456140350750e-01 3.101666666666667016e-01 2.081019883040935436e+00
1.995309941520468089e-01 3.027111111111110975e-01 2.109490058479531971e+00
3.936202339181286702e-01 2.742444444444444573e-01 2.123725146198830238e+00
5.985929824561404128e-02 3.548999999999999932e-01 2.489092397660818357e+00
5.351058479532163625e-01 2.152777777777777901e-01 1.862748538011695931e+00
4.879439766081871688e-01 3.250777777777777988e-01 2.731088888888888455e+00
5.949651461988304524e-01 2.362888888888888816e-01 2.579247953216373901e+00
1.578108771929824794e-01 1.942666666666666708e-01 1.540086549707602170e+00
2.176701754385965137e-01 3.033888888888888746e-01 2.735833918128654840e+00
1.668804678362573179e-01 2.505222222222222017e-01 1.454676023391812789e+00
4.861300584795321678e-01 3.603222222222222104e-01 1.971884210526315684e+00
1.995309941520467811e-02 3.094888888888889245e-01 1.411970760233917987e+00
