1.000580645161290444e-01 3.112161290322580376e-01 2.688919354838709808e+00
3.852235483870968258e-01 4.046838709677419432e-01 2.204696774193548592e+00
5.403135483870967759e-01 2.233564516129032396e-01 2.021477419354838823e+00
3.251887096774193631e-01 2.850451612903225906e-01 2.558048387096774512e+00
3.702148387096774740e-01 2.532661290322580916e-01 2.675832258064516189e+00
4.002322580645161637e-02 3.074774193548386880e-01 1.380209677419354852e+00
4.752758064516129366e-01 3.205629032258064393e-01 2.034564516129032441e+00
2.401393548387096843e-01 2.513967741935483891e-01 1.576516129032258018e+00
3.852235483870968258e-01 2.383112903225806378e-01 1.288599999999999968e+00
4.852816129032258563e-01 3.056080645161290410e-01 1.942954838709677556e+00
3.802206451612903382e-01 2.887838709677419402e-01 2.401003225806451535e+00
5.303077419354839117e-01 3.934677419354838390e-01 1.641951612903225666e+00
5.553222580645161832e-01 2.158790322580645404e-01 1.864432258064516068e+00
2.751596774193548756e-01 2.981306451612902864e-01 1.890606451612903083e+00
1.951132258064516289e-01 4.046838709677419432e-01 2.571135483870967686e+00
6.153570967741935904e-01 2.457887096774193647e-01 1.641951612903225666e+00
5.152990322580646154e-01 2.476580645161290395e-01 2.139261290322580500e+00
1.901103225806451691e-01 1.934467741935483875e-01 2.859051612903225958e+00
4.952874193548387760e-01 3.093467741935483906e-01 1.576516129032258018e+00
4.852816129032258563e-01 2.102709677419354883e-01 2.558048387096774512e+00
4.002322580645161637e-02 4.046838709677419432e-01 2.505700000000000038e+00
3.452003225806452025e-01 2.869145161290322377e-01 1.340948387096774219e+00
5.002903225806452081e-01 3.056080645161290410e-01 1.432558064516129104e+00
2.451422580645161442e-01 2.775677419354838915e-01 1.314774193548386982e+00
0.000000000000000000e+00 2.214870967741935648e-01 2.270132258064516240e+00
5.203019354838710475e-01 3.299096774193548409e-01 1.942954838709677556e+00
2.651538709677419559e-01 3.598193548387096374e-01 2.728180645161290663e+00
3.301916129032258507e-01 3.355177419354838930e-01 2.479525806451612802e+00
1.500870967741935735e-01 3.729048387096773887e-01 2.453351612903225565e+00
5.253048387096774796e-01 2.981306451612902864e-01 1.916780645161290320e+00
4.002322580645161637e-02 3.803822580645160878e-01 2.610396774193548097e+00
4.002322580645161637e-02 2.308338709677419387e-01 1.798996774193548420e+00
3.852235483870968258e-01 4.009451612903225382e-01 2.113087096774193707e+00
4.952874193548387760e-01 4.065532258064515903e-01 1.367122580645161234e+00
5.653280645161290474e-01 3.224322580645161418e-01 2.518787096774193657e+00
3.351945161290322828e-01 3.336483870967741905e-01 2.466438709677419183e+00
1.350783870967741940e-01 3.878596774193547869e-01 1.733561290322580550e+00
3.001741935483871471e-01 3.747741935483870912e-01 2.427177419354838772e+00
5.052932258064516402e-01 4.140306451612902894e-01 2.361741935483871124e+00
1.000580645161290444e-01 3.915983870967741920e-01 1.301687096774193586e+00
2.501451612903226041e-01 3.355177419354838930e-01 1.406383870967741867e+00
3.852235483870968258e-01 2.177483870967741875e-01 2.335567741935483888e+00
5.203019354838710475e-01 3.448645161290322392e-01 1.681212903225806521e+00
2.751596774193548756e-01 1.915774193548387128e-01 2.649658064516128952e+00
1.650958064516129253e-01 4.065532258064515903e-01 1.288599999999999968e+00
3.702148387096774740e-01 2.925225806451612898e-01 2.845964516129032340e+00
2.401393548387096843e-01 2.158790322580645404e-01 2.126174193548386882e+00
6.203600000000000225e-01 3.953370967741935416e-01 2.832877419354838722e+00
2.501451612903226041e-01 3.037387096774193385e-01 1.982216129032257967e+00
1.500870967741935735e-01 4.065532258064515903e-01 2.767441935483871074e+00
1.951132258064516289e-01 2.981306451612902864e-01 2.832877419354838722e+00
4.652700000000000169e-01 3.261709677419354914e-01 2.296306451612903032e+00
5.953454838709677510e-01 3.093467741935483906e-01 1.445645161290322500e+00
5.052932258064516402e-01 3.915983870967741920e-01 2.243958064516129003e+00
5.102961290322580723e-01 2.532661290322580916e-01 1.641951612903225666e+00
1.000580645161290444e-01 3.878596774193547869e-01 1.615777419354838651e+00
4.352525806451613133e-01 3.897290322580644895e-01 2.754354838709677455e+00
2.201277419354839004e-01 3.729048387096773887e-01 2.806703225806451485e+00
1.150667741935483962e-01 2.457887096774193647e-01 1.995303225806451586e+00
5.253048387096774796e-01 3.317790322580644879e-01 2.453351612903225565e+00
5.403135483870967759e-01 3.261709677419354914e-01 2.230870967741935385e+00
2.901683870967742274e-01 3.411258064516128896e-01 2.662745161290322571e+00
4.902845161290322884e-01 3.990758064516128911e-01 2.283219354838709414e+00
2.151248387096774406e-01 2.794370967741935385e-01 2.152348387096774118e+00
4.552641935483871527e-01 3.243016129032257888e-01 1.916780645161290320e+00
5.553222580645161832e-01 2.289645161290322639e-01 2.793616129032257867e+00
5.002903225806452046e-03 2.196177419354838900e-01 2.204696774193548592e+00
8.004645161290323274e-02 4.046838709677419432e-01 2.832877419354838722e+00
4.552641935483871527e-01 2.626129032258064377e-01 2.466438709677419183e+00
5.002903225806452046e-03 3.112161290322580376e-01 2.257045161290322621e+00
3.902264516129032579e-01 1.990548387096774396e-01 1.759735483870967787e+00
9.505516129032258454e-02 2.682209677419354898e-01 2.243958064516129003e+00
6.003483870967742109e-02 2.869145161290322377e-01 2.911399999999999988e+00
2.201277419354839004e-01 1.878387096774193632e-01 1.798996774193548420e+00
2.001161290322580888e-01 1.934467741935483875e-01 2.819790322580645103e+00
2.651538709677419559e-01 2.794370967741935385e-01 1.563429032258064399e+00
1.700987096774193574e-01 4.084225806451612373e-01 2.257045161290322621e+00
2.951712903225806595e-01 3.093467741935483906e-01 2.675832258064516189e+00
8.004645161290323274e-02 2.513967741935483891e-01 2.531874193548387275e+00
2.601509677419355238e-01 2.233564516129032396e-01 1.628864516129032269e+00
3.602090322580645543e-01 2.084016129032258136e-01 1.681212903225806521e+00
3.101800000000000113e-01 3.729048387096773887e-01 2.793616129032257867e+00
7.004064516129032691e-02 2.532661290322580916e-01 1.668125806451612902e+00
2.701567741935483880e-01 3.766435483870967937e-01 1.327861290322580601e+00
4.752758064516129366e-01 1.953161290322580901e-01 2.348654838709677506e+00
5.253048387096774796e-01 2.102709677419354883e-01 2.283219354838709414e+00
1.700987096774193574e-01 3.243016129032257888e-01 2.204696774193548592e+00
2.151248387096774406e-01 1.990548387096774396e-01 2.021477419354838823e+00
2.201277419354839004e-01 2.850451612903225906e-01 1.589603225806451636e+00
5.303077419354839117e-01 3.934677419354838390e-01 2.754354838709677455e+00
5.203019354838710475e-01 2.925225806451612898e-01 2.518787096774193657e+00
1.350783870967741940e-01 3.392564516129031871e-01 2.047651612903226059e+00
1.000580645161290409e-02 2.084016129032258136e-01 1.825170967741935435e+00
1.500870967741935735e-01 3.280403225806451939e-01 2.715093548387097044e+00
6.203600000000000225e-01 2.196177419354838900e-01 2.662745161290322571e+00
6.153570967741935904e-01 3.822516129032257903e-01 1.563429032258064399e+00
1.901103225806451691e-01 2.009241935483871144e-01 1.393296774193548249e+00
3.452003225806452025e-01 1.915774193548387128e-01 2.453351612903225565e+00
2.501451612903226110e-02 3.672967741935483366e-01 2.270132258064516240e+00
4.452583870967742330e-01 3.747741935483870912e-01 1.497993548387096752e+00
1.550900000000000056e-01 2.719596774193548394e-01 1.733561290322580550e+00
3.051770967741935792e-01 3.280403225806451939e-01 2.859051612903225958e+00
5.002903225806452046e-03 3.616887096774193400e-01 2.859051612903225958e+00
6.053512903225807262e-01 3.990758064516128911e-01 1.524167741935483766e+00
5.703309677419354795e-01 3.972064516129032441e-01 1.314774193548386982e+00
2.801625806451613077e-01 2.233564516129032396e-01 2.322480645161290269e+00
8.004645161290323274e-02 4.065532258064515903e-01 2.126174193548386882e+00
1.300754838709677619e-01 3.672967741935483366e-01 2.230870967741935385e+00
3.001741935483871471e-01 3.205629032258064393e-01 1.681212903225806521e+00
2.251306451612903325e-01 2.869145161290322377e-01 2.348654838709677506e+00
5.002903225806452220e-02 2.626129032258064377e-01 1.406383870967741867e+00
2.351364516129032523e-01 1.934467741935483875e-01 1.537254838709677385e+00
4.102380645161290418e-01 1.897080645161290380e-01 1.314774193548386982e+00
2.251306451612903325e-01 3.822516129032257903e-01 1.942954838709677556e+00
1.600929032258064655e-01 2.457887096774193647e-01 1.497993548387096752e+00
1.300754838709677619e-01 3.710354838709677416e-01 1.746648387096774169e+00
1.500870967741935735e-01 4.121612903225806424e-01 1.733561290322580550e+00
2.151248387096774406e-01 3.486032258064516443e-01 2.361741935483871124e+00
5.503193548387097511e-02 3.785129032258064408e-01 2.414090322580645154e+00
3.952293548387096900e-01 3.691661290322580946e-01 2.518787096774193657e+00
5.853396774193548868e-01 3.672967741935483366e-01 1.340948387096774219e+00
4.002322580645161776e-01 1.897080645161290380e-01 2.243958064516129003e+00
3.401974193548387149e-01 4.084225806451612373e-01 2.662745161290322571e+00
8.004645161290323274e-02 2.289645161290322639e-01 1.288599999999999968e+00
4.902845161290322884e-01 3.486032258064516443e-01 1.720474193548387154e+00
