9.543999999999999706e-02 3.089153846153845917e-01 2.724153846153845926e+00
3.817599999999999882e-01 4.069846153846153891e-01 2.224830769230769167e+00
5.487799999999999345e-01 2.197615384615384804e-01 2.037584615384615105e+00
3.340400000000000036e-01 2.821692307692307833e-01 2.599323076923076847e+00
3.578999999999999959e-01 2.554230769230769194e-01 2.661738461538461387e+00
2.385999999999999927e-02 3.089153846153845917e-01 1.351015384615384507e+00
4.771999999999999575e-01 3.178307692307692500e-01 2.037584615384615105e+00
2.385999999999999788e-01 2.465076923076923165e-01 1.538261538461538347e+00
3.817599999999999882e-01 2.375923076923077137e-01 1.288599999999999968e+00
5.010599999999999499e-01 3.089153846153845917e-01 1.912753846153846027e+00
3.817599999999999882e-01 2.910846153846153861e-01 2.412076923076923229e+00
5.487799999999999345e-01 3.980692307692307308e-01 1.600676923076923108e+00
5.726400000000000379e-01 2.108461538461538498e-01 1.850338461538461488e+00
2.624599999999999711e-01 2.999999999999999889e-01 1.912753846153846027e+00
1.908799999999999941e-01 4.069846153846153891e-01 2.599323076923076847e+00
6.203600000000000225e-01 2.465076923076923165e-01 1.600676923076923108e+00
5.249199999999999422e-01 2.465076923076923165e-01 2.162415384615384628e+00
1.908799999999999941e-01 1.930153846153846164e-01 2.848984615384615449e+00
5.010599999999999499e-01 3.089153846153845917e-01 1.538261538461538347e+00
5.010599999999999499e-01 2.108461538461538498e-01 2.599323076923076847e+00
2.385999999999999927e-02 4.069846153846153891e-01 2.536907692307692308e+00
3.578999999999999959e-01 2.821692307692307833e-01 1.288599999999999968e+00
5.010599999999999499e-01 3.089153846153845917e-01 1.413430769230769268e+00
2.385999999999999788e-01 2.732538461538461805e-01 1.288599999999999968e+00
0.000000000000000000e+00 2.197615384615384804e-01 2.287246153846153707e+00
5.249199999999999422e-01 3.267461538461538528e-01 1.912753846153846027e+00
2.624599999999999711e-01 3.624076923076923196e-01 2.724153846153845926e+00
