1.009888372093023234e-01 3.113204651162790881e-01 2.684962790697674517e+00
3.837575813953488235e-01 4.040404651162790572e-01 2.201896744186046639e+00
5.395689302325581416e-01 2.239911627906976954e-01 2.020746976744185908e+00
3.260496744186046625e-01 2.854451162790697660e-01 2.564196279069767215e+00
3.664452093023256030e-01 2.531009302325581412e-01 2.669866976744185827e+00
4.039553488372093354e-02 3.070079069767441826e-01 1.386722790697674457e+00
4.732048372093023425e-01 3.210237209302325700e-01 2.028294883720930031e+00
2.394878139534883654e-01 2.520227906976744148e-01 1.575420465116279090e+00
3.837575813953488235e-01 2.390851162790697815e-01 1.288599999999999968e+00
4.847464186046511747e-01 3.059297674418604562e-01 1.945267906976744232e+00
3.808721860465116293e-01 2.886795348837209452e-01 2.398142325581395617e+00
5.309127441860465035e-01 3.943372093023255198e-01 1.643351627906976642e+00
5.539959069767441679e-01 2.164441860465116385e-01 1.869788837209302335e+00
2.741125581395348898e-01 2.983827906976744271e-01 1.892432558139534926e+00
1.990922790697674527e-01 4.040404651162790572e-01 2.571744186046511338e+00
6.145892093023256342e-01 2.466320930232558106e-01 1.643351627906976642e+00
5.136003720930232275e-01 2.487883720930232634e-01 2.141513488372092766e+00
1.904360930232558147e-01 1.938032558139534955e-01 2.851016744186046559e+00
4.934026046511628127e-01 3.091641860465116354e-01 1.582968372093023213e+00
4.876318139534883689e-01 2.110534883720930344e-01 2.556648372093023092e+00
4.039553488372093354e-02 4.040404651162790572e-01 2.503813023255814230e+00
3.462474418604651327e-01 2.865232558139534924e-01 1.341435348837209274e+00
4.991733953488372011e-01 3.059297674418604562e-01 1.439558139534883763e+00
2.452586046511627815e-01 2.778981395348837369e-01 1.318791627906976682e+00
2.885395348837209353e-03 2.218348837209302427e-01 2.269827906976744192e+00
5.193711627906977268e-01 3.285706976744185992e-01 1.937720000000000109e+00
2.625709767441860576e-01 3.598367441860464977e-01 2.722702325581395577e+00
3.289350697674418567e-01 3.361176744186046284e-01 2.473621395348837293e+00
1.500405581395348742e-01 3.727744186046511032e-01 2.458525581395348603e+00
5.251419534883721152e-01 2.973046511627907007e-01 1.915076279069767295e+00
4.039553488372093354e-02 3.803213953488371879e-01 2.609483720930232842e+00
4.039553488372093354e-02 2.304599999999999982e-01 1.801857674418604560e+00
3.837575813953488235e-01 4.008060465116278781e-01 2.103773953488372150e+00
4.962880000000000069e-01 4.051186046511627836e-01 1.379174883720930112e+00
5.655374883720930557e-01 3.221018604651162409e-01 2.511360930232558353e+00
3.375912558139534947e-01 3.328832558139535047e-01 2.466073488372092726e+00
1.327281860465116259e-01 3.867902325581394907e-01 1.726378604651162885e+00
3.000811162790697484e-01 3.749306976744185560e-01 2.420786046511627987e+00
5.020587906976744508e-01 4.126655813953488128e-01 2.360402790697674114e+00
1.009888372093023234e-01 3.911027906976743962e-01 1.296147906976744091e+00
2.510293953488372254e-01 3.350395348837209575e-01 1.409366511627907048e+00
3.866429767441860732e-01 2.186004651162790635e-01 2.330211162790697621e+00
5.164857674418604772e-01 3.447427906976744394e-01 1.681091162790697702e+00
2.741125581395348898e-01 1.927251162790697692e-01 2.654771162790697581e+00
1.673529302325581503e-01 4.061967441860464545e-01 1.288599999999999968e+00
3.722159999999999913e-01 2.929920930232557952e-01 2.843468837209302436e+00
2.394878139534883654e-01 2.164441860465116385e-01 2.133965581395348643e+00
6.203600000000000225e-01 3.943372093023255198e-01 2.835920930232558312e+00
2.510293953488372254e-01 3.037734883720930035e-01 1.983007441860465070e+00
1.529259534883720961e-01 4.061967441860464545e-01 2.760441860465116193e+00
1.990922790697674527e-01 2.973046511627907007e-01 2.828373023255814189e+00
4.674340465116278986e-01 3.253362790697674201e-01 2.300019534883721128e+00
5.972768372093023581e-01 3.080860465116279090e-01 1.447106046511627886e+00
5.049441860465115894e-01 3.911027906976743962e-01 2.247184186046511378e+00
5.078295813953488391e-01 2.531009302325581412e-01 1.643351627906976642e+00
1.009888372093023234e-01 3.878683720930232726e-01 1.613159999999999927e+00
4.356946976744185962e-01 3.889465116279069434e-01 2.745346046511627947e+00
2.192900465116279229e-01 3.716962790697674324e-01 2.798181395348837253e+00
1.183012093023255856e-01 2.466320930232558106e-01 1.990555348837209415e+00
5.251419534883721152e-01 3.307269767441860520e-01 2.450977674418604479e+00
5.395689302325581416e-01 3.253362790697674201e-01 2.232088372093023132e+00
2.885395348837209162e-01 3.404302325581395339e-01 2.654771162790697581e+00
4.905172093023255631e-01 3.986497674418604253e-01 2.284923720930232438e+00
2.164046511627907010e-01 2.800544186046511896e-01 2.149061395348837333e+00
4.558924651162790664e-01 3.253362790697674201e-01 1.922624186046511641e+00
5.568813023255814176e-01 2.283037209302325732e-01 2.790633488372093129e+00
5.770790697674418705e-03 2.196786046511627899e-01 2.201896744186046639e+00
8.079106976744186708e-02 4.051186046511627836e-01 2.835920930232558312e+00
4.558924651162790664e-01 2.638823255813953494e-01 2.466073488372092726e+00
2.885395348837209353e-03 3.113204651162790881e-01 2.254732093023255945e+00
3.895283720930232674e-01 1.991939534883720997e-01 1.756570232558139599e+00
9.521804651162790734e-02 2.681948837209302550e-01 2.239636279069767255e+00
6.347869767441860489e-02 2.876013953488372188e-01 2.911399999999999988e+00
2.221754418604651171e-01 1.884125581395348914e-01 1.809405581395348683e+00
2.019776744186046469e-01 1.938032558139534955e-01 2.820825116279070066e+00
2.654563720930232518e-01 2.789762790697674077e-01 1.560324651162790621e+00
1.731237209302325664e-01 4.072748837209302364e-01 2.262280000000000069e+00
2.943103255813953600e-01 3.091641860465116354e-01 2.677414883720929950e+00
8.079106976744186708e-02 2.509446511627906884e-01 2.534004651162790722e+00
2.596855813953488634e-01 2.239911627906976954e-01 1.628255813953488396e+00
3.606744186046511591e-01 2.088972093023255816e-01 1.681091162790697702e+00
3.087373023255813864e-01 3.727744186046511032e-01 2.790633488372093129e+00
6.924948837209302099e-02 2.531009302325581412e-01 1.665995348837209233e+00
2.712271627906976956e-01 3.760088372093023379e-01 1.326339534883720805e+00
4.732048372093023425e-01 1.959595348837209483e-01 2.352854883720929990e+00
5.251419534883721152e-01 2.110534883720930344e-01 2.277375813953488315e+00
1.702383255813953444e-01 3.253362790697674201e-01 2.209444651162790763e+00
2.164046511627907010e-01 2.002720930232558261e-01 2.020746976744185908e+00
2.192900465116279229e-01 2.843669767441860396e-01 1.590516279069767336e+00
5.280273488372093649e-01 3.932590697674418490e-01 2.752893953488372070e+00
5.193711627906977268e-01 2.929920930232557952e-01 2.518908837209302476e+00
1.384989767441860420e-01 3.393520930232558075e-01 2.050938604651162844e+00
8.656186046511627624e-03 2.078190697674418552e-01 1.824501395348837152e+00
1.529259534883720961e-01 3.274925581395348728e-01 2.707606511627907331e+00
6.174746046511627728e-01 2.207567441860465163e-01 2.654771162790697581e+00
6.145892093023256342e-01 3.824776744186046407e-01 1.560324651162790621e+00
1.933214883720930366e-01 2.013502325581395525e-01 1.386722790697674457e+00
3.433620465116279385e-01 1.916469767441860705e-01 2.443429767441860356e+00
2.885395348837209439e-02 3.663055813953488560e-01 2.262280000000000069e+00
4.443508837209302342e-01 3.738525581395348851e-01 1.492393488372093069e+00
1.586967441860465122e-01 2.714293023255813786e-01 1.741474418604651131e+00
3.029665116279069981e-01 3.274925581395348728e-01 2.858564651162790682e+00
5.770790697674418705e-03 3.619930232558139505e-01 2.858564651162790682e+00
6.030476279069767465e-01 3.975716279069767545e-01 1.530133023255813907e+00
5.713082790697674440e-01 3.975716279069767545e-01 1.318791627906976682e+00
2.827687441860465278e-01 2.229130232558139690e-01 2.322663255813953498e+00
8.079106976744186708e-02 4.061967441860464545e-01 2.126417674418604520e+00
1.298427906976744317e-01 3.673837209302325268e-01 2.224540465116279009e+00
3.000811162790697484e-01 3.210237209302325700e-01 1.681091162790697702e+00
2.250608372093023390e-01 2.876013953488372188e-01 2.352854883720929990e+00
5.193711627906976575e-02 2.638823255813953494e-01 1.409366511627907048e+00
2.337170232558139493e-01 1.948813953488372219e-01 1.537680930232558030e+00
4.097261395348837376e-01 1.894906976744186178e-01 1.318791627906976682e+00
2.250608372093023390e-01 3.824776744186046407e-01 1.945267906976744232e+00
1.586967441860465122e-01 2.466320930232558106e-01 1.499941395348837192e+00
1.327281860465116259e-01 3.695399999999999796e-01 1.749022325581395254e+00
1.529259534883720961e-01 4.115874418604650864e-01 1.741474418604651131e+00
2.135192558139534791e-01 3.490553488372092894e-01 2.367950697674418681e+00
5.482251162790698074e-02 3.792432558139534615e-01 2.405690232558139741e+00
3.981845581395349054e-01 3.684618604651162532e-01 2.511360930232558353e+00
5.828498604651163317e-01 3.673837209302325268e-01 1.341435348837209274e+00
3.981845581395349054e-01 1.894906976744186178e-01 2.247184186046511378e+00
3.375912558139534947e-01 4.072748837209302364e-01 2.654771162790697581e+00
8.079106976744186708e-02 2.283037209302325732e-01 1.288599999999999968e+00
4.905172093023255631e-01 3.490553488372092894e-01 1.718830697674418539e+00
1.731237209302325525e-02 1.938032558139534955e-01 2.315115348837209375e+00
3.635598139534883533e-01 3.231800000000000228e-01 2.662319069767441704e+00
6.059330232558139684e-02 2.574134883720929912e-01 2.307567441860465252e+00
5.886206511627907201e-01 3.921809302325581226e-01 2.058486511627906967e+00
2.250608372093023390e-01 1.894906976744186178e-01 2.050938604651162844e+00
1.644675348837209283e-01 2.315381395348837246e-01 2.851016744186046559e+00
5.251419534883721152e-01 3.479772093023255630e-01 2.020746976744185908e+00
4.299239069767442079e-01 2.951483720930232479e-01 1.590516279069767336e+00
1.529259534883720961e-01 3.533679069767441394e-01 2.752893953488372070e+00
3.029665116279069981e-01 3.371958139534883547e-01 2.375498604651162804e+00
1.500405581395348742e-01 3.188674418604651173e-01 2.247184186046511378e+00
1.356135813953488478e-01 2.983827906976744271e-01 1.718830697674418539e+00
5.453397209302325299e-01 4.115874418604650864e-01 1.613159999999999927e+00
1.933214883720930366e-01 3.673837209302325268e-01 1.681091162790697702e+00
4.732048372093023425e-01 1.916469767441860705e-01 1.492393488372093069e+00
5.251419534883721152e-01 1.959595348837209483e-01 2.066034418604651091e+00
3.722159999999999913e-01 3.630711627906976213e-01 2.481169302325581416e+00
1.211866046511627937e-01 2.768200000000000105e-01 1.462201860465116354e+00
6.059330232558139684e-02 3.145548837209302118e-01 1.779213953488372191e+00
3.635598139534883533e-01 2.013502325581395525e-01 2.488717209302325539e+00
6.030476279069767465e-01 3.555241860465115922e-01 1.296147906976744091e+00
4.328093023255814020e-01 2.531009302325581412e-01 2.503813023255814230e+00
3.751013953488372410e-01 2.477102325581395370e-01 1.764118139534883722e+00
4.818610232558139805e-01 3.134767441860465409e-01 2.201896744186046639e+00
1.327281860465116259e-01 3.576804651162790449e-01 2.171705116279069703e+00
2.135192558139534791e-01 3.706181395348837060e-01 1.794309767441860437e+00
3.693306046511627971e-01 3.080860465116279090e-01 2.269827906976744192e+00
5.337981395348837532e-01 2.056627906976744302e-01 1.756570232558139599e+00
1.990922790697674527e-01 3.318051162790697228e-01 1.998103255813953538e+00
4.530070697674418723e-01 2.229130232558139690e-01 1.862240930232557989e+00
3.895283720930232674e-01 3.911027906976743962e-01 2.549100465116278968e+00
2.712271627906976956e-01 3.803213953488371879e-01 2.715154418604651454e+00
1.067596279069767395e-01 2.509446511627906884e-01 2.473621395348837293e+00
2.164046511627907010e-01 3.663055813953488560e-01 1.975459534883720947e+00
1.298427906976744317e-01 3.307269767441860520e-01 1.394270697674418580e+00
5.366835348837208919e-01 2.239911627906976954e-01 1.650899534883720987e+00
6.636409302325581294e-02 2.164441860465116385e-01 2.775537674418604439e+00
1.990922790697674527e-01 2.940702325581395216e-01 2.684962790697674517e+00
5.713082790697674440e-01 3.447427906976744394e-01 2.420786046511627987e+00
1.529259534883720961e-01 4.148218604651162655e-01 1.945267906976744232e+00
2.625709767441860576e-01 3.350395348837209575e-01 1.801857674418604560e+00
1.500405581395348742e-01 2.196786046511627899e-01 2.473621395348837293e+00
3.116226976744186361e-01 2.595697674418604439e-01 1.658447441860465110e+00
2.308316279069767551e-01 3.716962790697674324e-01 2.375498604651162804e+00
1.760091162790697605e-01 3.479772093023255630e-01 1.348983255813953397e+00
3.260496744186046625e-01 2.315381395348837246e-01 1.960363720930232478e+00
4.126115348837209318e-01 3.231800000000000228e-01 2.149061395348837333e+00
2.596855813953488287e-02 2.552572093023255939e-01 2.601935813953488719e+00
3.260496744186046625e-01 2.380069767441860551e-01 2.903852093023255865e+00
2.308316279069767551e-01 3.123986046511627590e-01 2.043390697674418721e+00
2.856541395348837220e-01 3.889465116279069434e-01 1.454653953488372009e+00
2.481440000000000035e-01 3.307269767441860520e-01 1.394270697674418580e+00
5.482251162790698074e-02 4.148218604651162655e-01 1.341435348837209274e+00
2.914249302325581659e-01 2.466320930232558106e-01 2.586840000000000028e+00
2.943103255813953600e-01 2.822106976744185869e-01 2.141513488372092766e+00
5.828498604651163317e-01 3.134767441860465409e-01 1.537680930232558030e+00
3.952991627906976557e-01 1.938032558139534955e-01 1.620707906976744272e+00
4.616632558139535103e-01 2.778981395348837369e-01 1.952815813953488355e+00
3.751013953488371855e-02 2.272255813953488468e-01 2.043390697674418721e+00
3.895283720930232674e-01 3.533679069767441394e-01 1.998103255813953538e+00
3.549036279069767708e-01 1.991939534883720997e-01 1.326339534883720805e+00
3.635598139534883533e-01 4.158999999999999919e-01 2.141513488372092766e+00
3.404766511627906889e-01 2.897576744186046716e-01 2.413238139534883864e+00
4.934026046511628127e-01 4.094311627906976891e-01 2.149061395348837333e+00
3.404766511627906889e-01 2.239911627906976954e-01 2.330211162790697621e+00
6.174746046511627728e-01 2.142879069767441857e-01 2.413238139534883864e+00
2.683417674418604459e-01 2.304599999999999982e-01 1.582968372093023213e+00
1.413843720930232639e-01 3.964934883720929726e-01 1.658447441860465110e+00
1.442697674418604581e-01 4.061967441860464545e-01 2.458525581395348603e+00
1.154158139534883741e-02 2.552572093023255939e-01 2.737798139534883823e+00
1.269573953488372098e-01 2.692730232558139258e-01 1.530133023255813907e+00
2.221754418604651171e-01 2.390851162790697815e-01 1.877336744186046458e+00
1.413843720930232639e-01 2.617260465116278967e-01 1.952815813953488355e+00
1.096450232558139615e-01 3.016172093023256062e-01 2.390594418604651494e+00
5.655374883720930557e-01 3.447427906976744394e-01 2.360402790697674114e+00
5.424543255813953913e-01 2.671167441860465286e-01 2.405690232558139741e+00
2.798833488372093337e-01 2.088972093023255816e-01 2.254732093023255945e+00
4.385800930232558459e-01 2.380069767441860551e-01 1.567872558139534966e+00
2.423732093023255874e-01 3.544460465116279213e-01 1.665995348837209233e+00
1.442697674418604720e-02 2.563353488372093203e-01 1.733926511627907008e+00
5.626520930232558060e-01 4.072748837209302364e-01 2.375498604651162804e+00
2.048630697674418688e-01 3.684618604651162532e-01 1.628255813953488396e+00
1.760091162790697605e-01 2.994609302325581535e-01 2.805729302325581376e+00
6.088184186046511348e-01 2.455539534883721120e-01 2.201896744186046639e+00
5.655374883720930557e-01 3.037734883720930035e-01 2.375498604651162804e+00
2.596855813953488634e-01 3.156330232558139381e-01 2.639675348837209334e+00
1.817799069767441766e-01 3.371958139534883547e-01 2.730250232558139700e+00
9.521804651162790734e-02 2.865232558139534924e-01 2.556648372093023092e+00
2.798833488372093337e-01 3.479772093023255630e-01 2.881208372093023051e+00
3.577890232558139649e-01 3.242581395348836937e-01 2.526456744186046599e+00
4.443508837209302342e-01 4.105093023255813600e-01 1.749022325581395254e+00
