0.000000000000000000e+00 1.841000000000000136e-01 1.288599999999999968e+00
0.000000000000000000e+00 1.841000000000000136e-01 1.559066666666666601e+00
0.000000000000000000e+00 1.841000000000000136e-01 1.829533333333333456e+00
0.000000000000000000e+00 1.841000000000000136e-01 2.100000000000000089e+00
0.000000000000000000e+00 1.841000000000000136e-01 2.370466666666666722e+00
0.000000000000000000e+00 1.841000000000000136e-01 2.640933333333333355e+00
0.000000000000000000e+00 1.841000000000000136e-01 2.911399999999999988e+00
1.033933333333333371e-01 1.841000000000000136e-01 1.288599999999999968e+00
1.033933333333333371e-01 1.841000000000000136e-01 1.559066666666666601e+00
1.033933333333333371e-01 1.841000000000000136e-01 1.829533333333333456e+00
1.033933333333333371e-01 1.841000000000000136e-01 2.100000000000000089e+00
1.033933333333333371e-01 1.841000000000000136e-01 2.370466666666666722e+00
1.033933333333333371e-01 1.841000000000000136e-01 2.640933333333333355e+00
1.033933333333333371e-01 1.841000000000000136e-01 2.911399999999999988e+00
2.067866666666666742e-01 1.841000000000000136e-01 1.288599999999999968e+00
2.067866666666666742e-01 1.841000000000000136e-01 1.559066666666666601e+00
2.067866666666666742e-01 1.841000000000000136e-01 1.829533333333333456e+00
2.067866666666666742e-01 1.841000000000000136e-01 2.100000000000000089e+00
2.067866666666666742e-01 1.841000000000000136e-01 2.370466666666666722e+00
2.067866666666666742e-01 1.841000000000000136e-01 2.640933333333333355e+00
2.067866666666666742e-01 1.841000000000000136e-01 2.911399999999999988e+00
3.101800000000000113e-01 1.841000000000000136e-01 1.288599999999999968e+00
3.101800000000000113e-01 1.841000000000000136e-01 1.559066666666666601e+00
3.101800000000000113e-01 1.841000000000000136e-01 1.829533333333333456e+00
3.101800000000000113e-01 1.841000000000000136e-01 2.100000000000000089e+00
3.101800000000000113e-01 1.841000000000000136e-01 2.370466666666666722e+00
3.101800000000000113e-01 1.841000000000000136e-01 2.640933333333333355e+00
3.101800000000000113e-01 1.841000000000000136e-01 2.911399999999999988e+00
4.135733333333333483e-01 1.841000000000000136e-01 1.288599999999999968e+00
4.135733333333333483e-01 1.841000000000000136e-01 1.559066666666666601e+00
4.135733333333333483e-01 1.841000000000000136e-01 1.829533333333333456e+00
4.135733333333333483e-01 1.841000000000000136e-01 2.100000000000000089e+00
4.135733333333333483e-01 1.841000000000000136e-01 2.370466666666666722e+00
4.135733333333333483e-01 1.841000000000000136e-01 2.640933333333333355e+00
4.135733333333333483e-01 1.841000000000000136e-01 2.911399999999999988e+00
5.169666666666666854e-01 1.841000000000000136e-01 1.288599999999999968e+00
5.169666666666666854e-01 1.841000000000000136e-01 1.559066666666666601e+00
5.169666666666666854e-01 1.841000000000000136e-01 1.829533333333333456e+00
5.169666666666666854e-01 1.841000000000000136e-01 2.100000000000000089e+00
5.169666666666666854e-01 1.841000000000000136e-01 2.370466666666666722e+00
5.169666666666666854e-01 1.841000000000000136e-01 2.640933333333333355e+00
5.169666666666666854e-01 1.841000000000000136e-01 2.911399999999999988e+00
6.203600000000000225e-01 1.841000000000000136e-01 1.288599999999999968e+00
6.203600000000000225e-01 1.841000000000000136e-01 1.559066666666666601e+00
6.203600000000000225e-01 1.841000000000000136e-01 1.829533333333333456e+00
6.203600000000000225e-01 1.841000000000000136e-01 2.100000000000000089e+00
6.203600000000000225e-01 1.841000000000000136e-01 2.370466666666666722e+00
6.203600000000000225e-01 1.841000000000000136e-01 2.640933333333333355e+00
6.203600000000000225e-01 1.841000000000000136e-01 2.911399999999999988e+00
0.000000000000000000e+00 2.227333333333333387e-01 1.288599999999999968e+00
0.000000000000000000e+00 2.227333333333333387e-01 1.559066666666666601e+00
0.000000000000000000e+00 2.227333333333333387e-01 1.829533333333333456e+00
0.000000000000000000e+00 2.227333333333333387e-01 2.100000000000000089e+00
0.000000000000000000e+00 2.227333333333333387e-01 2.370466666666666722e+00
0.000000000000000000e+00 2.227333333333333387e-01 2.640933333333333355e+00
0.000000000000000000e+00 2.227333333333333387e-01 2.911399999999999988e+00
1.033933333333333371e-01 2.227333333333333387e-01 1.288599999999999968e+00
1.033933333333333371e-01 2.227333333333333387e-01 1.559066666666666601e+00
1.033933333333333371e-01 2.227333333333333387e-01 1.829533333333333456e+00
1.033933333333333371e-01 2.227333333333333387e-01 2.100000000000000089e+00
1.033933333333333371e-01 2.227333333333333387e-01 2.370466666666666722e+00
1.033933333333333371e-01 2.227333333333333387e-01 2.640933333333333355e+00
1.033933333333333371e-01 2.227333333333333387e-01 2.911399999999999988e+00
2.067866666666666742e-01 2.227333333333333387e-01 1.288599999999999968e+00
2.067866666666666742e-01 2.227333333333333387e-01 1.559066666666666601e+00
2.067866666666666742e-01 2.227333333333333387e-01 1.829533333333333456e+00
2.067866666666666742e-01 2.227333333333333387e-01 2.100000000000000089e+00
2.067866666666666742e-01 2.227333333333333387e-01 2.370466666666666722e+00
2.067866666666666742e-01 2.227333333333333387e-01 2.640933333333333355e+00
2.067866666666666742e-01 2.227333333333333387e-01 2.911399999999999988e+00
3.101800000000000113e-01 2.227333333333333387e-01 1.288599999999999968e+00
3.101800000000000113e-01 2.227333333333333387e-01 1.559066666666666601e+00
3.101800000000000113e-01 2.227333333333333387e-01 1.829533333333333456e+00
3.101800000000000113e-01 2.227333333333333387e-01 2.100000000000000089e+00
3.101800000000000113e-01 2.227333333333333387e-01 2.370466666666666722e+00
3.101800000000000113e-01 2.227333333333333387e-01 2.640933333333333355e+00
3.101800000000000113e-01 2.227333333333333387e-01 2.911399999999999988e+00
4.135733333333333483e-01 2.227333333333333387e-01 1.288599999999999968e+00
4.135733333333333483e-01 2.227333333333333387e-01 1.559066666666666601e+00
4.135733333333333483e-01 2.227333333333333387e-01 1.829533333333333456e+00
4.135733333333333483e-01 2.227333333333333387e-01 2.100000000000000089e+00
4.135733333333333483e-01 2.227333333333333387e-01 2.370466666666666722e+00
4.135733333333333483e-01 2.227333333333333387e-01 2.640933333333333355e+00
4.135733333333333483e-01 2.227333333333333387e-01 2.911399999999999988e+00
5.169666666666666854e-01 2.227333333333333387e-01 1.288599999999999968e+00
5.169666666666666854e-01 2.227333333333333387e-01 1.559066666666666601e+00
5.169666666666666854e-01 2.227333333333333387e-01 1.829533333333333456e+00
5.169666666666666854e-01 2.227333333333333387e-01 2.100000000000000089e+00
5.169666666666666854e-01 2.227333333333333387e-01 2.370466666666666722e+00
5.169666666666666854e-01 2.227333333333333387e-01 2.640933333333333355e+00
5.169666666666666854e-01 2.227333333333333387e-01 2.911399999999999988e+00
6.203600000000000225e-01 2.227333333333333387e-01 1.288599999999999968e+00
6.203600000000000225e-01 2.227333333333333387e-01 1.559066666666666601e+00
6.203600000000000225e-01 2.227333333333333387e-01 1.829533333333333456e+00
6.203600000000000225e-01 2.227333333333333387e-01 2.100000000000000089e+00
6.203600000000000225e-01 2.227333333333333387e-01 2.370466666666666722e+00
6.203600000000000225e-01 2.227333333333333387e-01 2.640933333333333355e+00
6.203600000000000225e-01 2.227333333333333387e-01 2.911399999999999988e+00
0.000000000000000000e+00 2.613666666666666916e-01 1.288599999999999968e+00
0.000000000000000000e+00 2.613666666666666916e-01 1.559066666666666601e+00
0.000000000000000000e+00 2.613666666666666916e-01 1.829533333333333456e+00
0.000000000000000000e+00 2.613666666666666916e-01 2.100000000000000089e+00
0.000000000000000000e+00 2.613666666666666916e-01 2.370466666666666722e+00
0.000000000000000000e+00 2.613666666666666916e-01 2.640933333333333355e+00
0.000000000000000000e+00 2.613666666666666916e-01 2.911399999999999988e+00
1.033933333333333371e-01 2.613666666666666916e-01 1.288599999999999968e+00
1.033933333333333371e-01 2.613666666666666916e-01 1.559066666666666601e+00
1.033933333333333371e-01 2.613666666666666916e-01 1.829533333333333456e+00
1.033933333333333371e-01 2.613666666666666916e-01 2.100000000000000089e+00
1.033933333333333371e-01 2.613666666666666916e-01 2.370466666666666722e+00
1.033933333333333371e-01 2.613666666666666916e-01 2.640933333333333355e+00
1.033933333333333371e-01 2.613666666666666916e-01 2.911399999999999988e+00
2.067866666666666742e-01 2.613666666666666916e-01 1.288599999999999968e+00
2.067866666666666742e-01 2.613666666666666916e-01 1.559066666666666601e+00
2.067866666666666742e-01 2.613666666666666916e-01 1.829533333333333456e+00
2.067866666666666742e-01 2.613666666666666916e-01 2.100000000000000089e+00
2.067866666666666742e-01 2.613666666666666916e-01 2.370466666666666722e+00
2.067866666666666742e-01 2.613666666666666916e-01 2.640933333333333355e+00
2.067866666666666742e-01 2.613666666666666916e-01 2.911399999999999988e+00
3.101800000000000113e-01 2.613666666666666916e-01 1.288599999999999968e+00
3.101800000000000113e-01 2.613666666666666916e-01 1.559066666666666601e+00
3.101800000000000113e-01 2.613666666666666916e-01 1.829533333333333456e+00
3.101800000000000113e-01 2.613666666666666916e-01 2.100000000000000089e+00
3.101800000000000113e-01 2.613666666666666916e-01 2.370466666666666722e+00
3.101800000000000113e-01 2.613666666666666916e-01 2.640933333333333355e+00
3.101800000000000113e-01 2.613666666666666916e-01 2.911399999999999988e+00
4.135733333333333483e-01 2.613666666666666916e-01 1.288599999999999968e+00
4.135733333333333483e-01 2.613666666666666916e-01 1.559066666666666601e+00
4.135733333333333483e-01 2.613666666666666916e-01 1.829533333333333456e+00
4.135733333333333483e-01 2.613666666666666916e-01 2.100000000000000089e+00
4.135733333333333483e-01 2.613666666666666916e-01 2.370466666666666722e+00
4.135733333333333483e-01 2.613666666666666916e-01 2.640933333333333355e+00
4.135733333333333483e-01 2.613666666666666916e-01 2.911399999999999988e+00
5.169666666666666854e-01 2.613666666666666916e-01 1.288599999999999968e+00
5.169666666666666854e-01 2.613666666666666916e-01 1.559066666666666601e+00
5.169666666666666854e-01 2.613666666666666916e-01 1.829533333333333456e+00
5.169666666666666854e-01 2.613666666666666916e-01 2.100000000000000089e+00
5.169666666666666854e-01 2.613666666666666916e-01 2.370466666666666722e+00
5.169666666666666854e-01 2.613666666666666916e-01 2.640933333333333355e+00
5.169666666666666854e-01 2.613666666666666916e-01 2.911399999999999988e+00
6.203600000000000225e-01 2.613666666666666916e-01 1.288599999999999968e+00
6.203600000000000225e-01 2.613666666666666916e-01 1.559066666666666601e+00
6.203600000000000225e-01 2.613666666666666916e-01 1.829533333333333456e+00
6.203600000000000225e-01 2.613666666666666916e-01 2.100000000000000089e+00
6.203600000000000225e-01 2.613666666666666916e-01 2.370466666666666722e+00
6.203600000000000225e-01 2.613666666666666916e-01 2.640933333333333355e+00
6.203600000000000225e-01 2.613666666666666916e-01 2.911399999999999988e+00
0.000000000000000000e+00 3.000000000000000444e-01 1.288599999999999968e+00
0.000000000000000000e+00 3.000000000000000444e-01 1.559066666666666601e+00
0.000000000000000000e+00 3.000000000000000444e-01 1.829533333333333456e+00
0.000000000000000000e+00 3.000000000000000444e-01 2.100000000000000089e+00
0.000000000000000000e+00 3.000000000000000444e-01 2.370466666666666722e+00
0.000000000000000000e+00 3.000000000000000444e-01 2.640933333333333355e+00
0.000000000000000000e+00 3.000000000000000444e-01 2.911399999999999988e+00
1.033933333333333371e-01 3.000000000000000444e-01 1.288599999999999968e+00
1.033933333333333371e-01 3.000000000000000444e-01 1.559066666666666601e+00
1.033933333333333371e-01 3.000000000000000444e-01 1.829533333333333456e+00
1.033933333333333371e-01 3.000000000000000444e-01 2.100000000000000089e+00
1.033933333333333371e-01 3.000000000000000444e-01 2.370466666666666722e+00
1.033933333333333371e-01 3.000000000000000444e-01 2.640933333333333355e+00
1.033933333333333371e-01 3.000000000000000444e-01 2.911399999999999988e+00
2.067866666666666742e-01 3.000000000000000444e-01 1.288599999999999968e+00
2.067866666666666742e-01 3.000000000000000444e-01 1.559066666666666601e+00
2.067866666666666742e-01 3.000000000000000444e-01 1.829533333333333456e+00
2.067866666666666742e-01 3.000000000000000444e-01 2.100000000000000089e+00
2.067866666666666742e-01 3.000000000000000444e-01 2.370466666666666722e+00
2.067866666666666742e-01 3.000000000000000444e-01 2.640933333333333355e+00
2.067866666666666742e-01 3.000000000000000444e-01 2.911399999999999988e+00
3.101800000000000113e-01 3.000000000000000444e-01 1.288599999999999968e+00
3.101800000000000113e-01 3.000000000000000444e-01 1.559066666666666601e+00
3.101800000000000113e-01 3.000000000000000444e-01 1.829533333333333456e+00
3.101800000000000113e-01 3.000000000000000444e-01 2.100000000000000089e+00
3.101800000000000113e-01 3.000000000000000444e-01 2.370466666666666722e+00
3.101800000000000113e-01 3.000000000000000444e-01 2.640933333333333355e+00
3.101800000000000113e-01 3.000000000000000444e-01 2.911399999999999988e+00
4.135733333333333483e-01 3.000000000000000444e-01 1.288599999999999968e+00
4.135733333333333483e-01 3.000000000000000444e-01 1.559066666666666601e+00
4.135733333333333483e-01 3.000000000000000444e-01 1.829533333333333456e+00
4.135733333333333483e-01 3.000000000000000444e-01 2.100000000000000089e+00
4.135733333333333483e-01 3.000000000000000444e-01 2.370466666666666722e+00
4.135733333333333483e-01 3.000000000000000444e-01 2.640933333333333355e+00
4.135733333333333483e-01 3.000000000000000444e-01 2.911399999999999988e+00
5.169666666666666854e-01 3.000000000000000444e-01 1.288599999999999968e+00
5.169666666666666854e-01 3.000000000000000444e-01 1.559066666666666601e+00
5.169666666666666854e-01 3.000000000000000444e-01 1.829533333333333456e+00
5.169666666666666854e-01 3.000000000000000444e-01 2.100000000000000089e+00
5.169666666666666854e-01 3.000000000000000444e-01 2.370466666666666722e+00
5.169666666666666854e-01 3.000000000000000444e-01 2.640933333333333355e+00
5.169666666666666854e-01 3.000000000000000444e-01 2.911399999999999988e+00
6.203600000000000225e-01 3.000000000000000444e-01 1.288599999999999968e+00
6.203600000000000225e-01 3.000000000000000444e-01 1.559066666666666601e+00
6.203600000000000225e-01 3.000000000000000444e-01 1.829533333333333456e+00
6.203600000000000225e-01 3.000000000000000444e-01 2.100000000000000089e+00
6.203600000000000225e-01 3.000000000000000444e-01 2.370466666666666722e+00
6.203600000000000225e-01 3.000000000000000444e-01 2.640933333333333355e+00
6.203600000000000225e-01 3.000000000000000444e-01 2.911399999999999988e+00
0.000000000000000000e+00 3.386333333333333417e-01 1.288599999999999968e+00
0.000000000000000000e+00 3.386333333333333417e-01 1.559066666666666601e+00
0.000000000000000000e+00 3.386333333333333417e-01 1.829533333333333456e+00
0.000000000000000000e+00 3.386333333333333417e-01 2.100000000000000089e+00
0.000000000000000000e+00 3.386333333333333417e-01 2.370466666666666722e+00
0.000000000000000000e+00 3.386333333333333417e-01 2.640933333333333355e+00
0.000000000000000000e+00 3.386333333333333417e-01 2.911399999999999988e+00
1.033933333333333371e-01 3.386333333333333417e-01 1.288599999999999968e+00
1.033933333333333371e-01 3.386333333333333417e-01 1.559066666666666601e+00
1.033933333333333371e-01 3.386333333333333417e-01 1.829533333333333456e+00
1.033933333333333371e-01 3.386333333333333417e-01 2.100000000000000089e+00
1.033933333333333371e-01 3.386333333333333417e-01 2.370466666666666722e+00
1.033933333333333371e-01 3.386333333333333417e-01 2.640933333333333355e+00
1.033933333333333371e-01 3.386333333333333417e-01 2.911399999999999988e+00
2.067866666666666742e-01 3.386333333333333417e-01 1.288599999999999968e+00
2.067866666666666742e-01 3.386333333333333417e-01 1.559066666666666601e+00
2.067866666666666742e-01 3.386333333333333417e-01 1.829533333333333456e+00
2.067866666666666742e-01 3.386333333333333417e-01 2.100000000000000089e+00
2.067866666666666742e-01 3.386333333333333417e-01 2.370466666666666722e+00
2.067866666666666742e-01 3.386333333333333417e-01 2.640933333333333355e+00
2.067866666666666742e-01 3.386333333333333417e-01 2.911399999999999988e+00
3.101800000000000113e-01 3.386333333333333417e-01 1.288599999999999968e+00
3.101800000000000113e-01 3.386333333333333417e-01 1.559066666666666601e+00
3.101800000000000113e-01 3.386333333333333417e-01 1.829533333333333456e+00
3.101800000000000113e-01 3.386333333333333417e-01 2.100000000000000089e+00
3.101800000000000113e-01 3.386333333333333417e-01 2.370466666666666722e+00
3.101800000000000113e-01 3.386333333333333417e-01 2.640933333333333355e+00
3.101800000000000113e-01 3.386333333333333417e-01 2.911399999999999988e+00
4.135733333333333483e-01 3.386333333333333417e-01 1.288599999999999968e+00
4.135733333333333483e-01 3.386333333333333417e-01 1.559066666666666601e+00
4.135733333333333483e-01 3.386333333333333417e-01 1.829533333333333456e+00
4.135733333333333483e-01 3.386333333333333417e-01 2.100000000000000089e+00
4.135733333333333483e-01 3.386333333333333417e-01 2.370466666666666722e+00
4.135733333333333483e-01 3.386333333333333417e-01 2.640933333333333355e+00
4.135733333333333483e-01 3.386333333333333417e-01 2.911399999999999988e+00
5.169666666666666854e-01 3.386333333333333417e-01 1.288599999999999968e+00
5.169666666666666854e-01 3.386333333333333417e-01 1.559066666666666601e+00
5.169666666666666854e-01 3.386333333333333417e-01 1.829533333333333456e+00
5.169666666666666854e-01 3.386333333333333417e-01 2.100000000000000089e+00
5.169666666666666854e-01 3.386333333333333417e-01 2.370466666666666722e+00
5.169666666666666854e-01 3.386333333333333417e-01 2.640933333333333355e+00
5.169666666666666854e-01 3.386333333333333417e-01 2.911399999999999988e+00
6.203600000000000225e-01 3.386333333333333417e-01 1.288599999999999968e+00
6.203600000000000225e-01 3.386333333333333417e-01 1.559066666666666601e+00
6.203600000000000225e-01 3.386333333333333417e-01 1.829533333333333456e+00
6.203600000000000225e-01 3.386333333333333417e-01 2.100000000000000089e+00
6.203600000000000225e-01 3.386333333333333417e-01 2.370466666666666722e+00
6.203600000000000225e-01 3.386333333333333417e-01 2.640933333333333355e+00
6.203600000000000225e-01 3.386333333333333417e-01 2.911399999999999988e+00
0.000000000000000000e+00 3.772666666666666391e-01 1.288599999999999968e+00
0.000000000000000000e+00 3.772666666666666391e-01 1.559066666666666601e+00
0.000000000000000000e+00 3.772666666666666391e-01 1.829533333333333456e+00
0.000000000000000000e+00 3.772666666666666391e-01 2.100000000000000089e+00
0.000000000000000000e+00 3.772666666666666391e-01 2.370466666666666722e+00
0.000000000000000000e+00 3.772666666666666391e-01 2.640933333333333355e+00
0.000000000000000000e+00 3.772666666666666391e-01 2.911399999999999988e+00
1.033933333333333371e-01 3.772666666666666391e-01 1.288599999999999968e+00
1.033933333333333371e-01 3.772666666666666391e-01 1.559066666666666601e+00
1.033933333333333371e-01 3.772666666666666391e-01 1.829533333333333456e+00
1.033933333333333371e-01 3.772666666666666391e-01 2.100000000000000089e+00
1.033933333333333371e-01 3.772666666666666391e-01 2.370466666666666722e+00
1.033933333333333371e-01 3.772666666666666391e-01 2.640933333333333355e+00
1.033933333333333371e-01 3.772666666666666391e-01 2.911399999999999988e+00
2.067866666666666742e-01 3.772666666666666391e-01 1.288599999999999968e+00
2.067866666666666742e-01 3.772666666666666391e-01 1.559066666666666601e+00
2.067866666666666742e-01 3.772666666666666391e-01 1.829533333333333456e+00
2.067866666666666742e-01 3.772666666666666391e-01 2.100000000000000089e+00
2.067866666666666742e-01 3.772666666666666391e-01 2.370466666666666722e+00
2.067866666666666742e-01 3.772666666666666391e-01 2.640933333333333355e+00
2.067866666666666742e-01 3.772666666666666391e-01 2.911399999999999988e+00
3.101800000000000113e-01 3.772666666666666391e-01 1.288599999999999968e+00
3.101800000000000113e-01 3.772666666666666391e-01 1.559066666666666601e+00
3.101800000000000113e-01 3.772666666666666391e-01 1.829533333333333456e+00
3.101800000000000113e-01 3.772666666666666391e-01 2.100000000000000089e+00
3.101800000000000113e-01 3.772666666666666391e-01 2.370466666666666722e+00
3.101800000000000113e-01 3.772666666666666391e-01 2.640933333333333355e+00
3.101800000000000113e-01 3.772666666666666391e-01 2.911399999999999988e+00
4.135733333333333483e-01 3.772666666666666391e-01 1.288599999999999968e+00
4.135733333333333483e-01 3.772666666666666391e-01 1.559066666666666601e+00
4.135733333333333483e-01 3.772666666666666391e-01 1.829533333333333456e+00
4.135733333333333483e-01 3.772666666666666391e-01 2.100000000000000089e+00
4.135733333333333483e-01 3.772666666666666391e-01 2.370466666666666722e+00
4.135733333333333483e-01 3.772666666666666391e-01 2.640933333333333355e+00
4.135733333333333483e-01 3.772666666666666391e-01 2.911399999999999988e+00
5.169666666666666854e-01 3.772666666666666391e-01 1.288599999999999968e+00
5.169666666666666854e-01 3.772666666666666391e-01 1.559066666666666601e+00
5.169666666666666854e-01 3.772666666666666391e-01 1.829533333333333456e+00
5.169666666666666854e-01 3.772666666666666391e-01 2.100000000000000089e+00
5.169666666666666854e-01 3.772666666666666391e-01 2.370466666666666722e+00
5.169666666666666854e-01 3.772666666666666391e-01 2.640933333333333355e+00
5.169666666666666854e-01 3.772666666666666391e-01 2.911399999999999988e+00
6.203600000000000225e-01 3.772666666666666391e-01 1.288599999999999968e+00
6.203600000000000225e-01 3.772666666666666391e-01 1.559066666666666601e+00
6.203600000000000225e-01 3.772666666666666391e-01 1.829533333333333456e+00
6.203600000000000225e-01 3.772666666666666391e-01 2.100000000000000089e+00
6.203600000000000225e-01 3.772666666666666391e-01 2.370466666666666722e+00
6.203600000000000225e-01 3.772666666666666391e-01 2.640933333333333355e+00
6.203600000000000225e-01 3.772666666666666391e-01 2.911399999999999988e+00
0.000000000000000000e+00 4.158999999999999919e-01 1.288599999999999968e+00
0.000000000000000000e+00 4.158999999999999919e-01 1.559066666666666601e+00
0.000000000000000000e+00 4.158999999999999919e-01 1.829533333333333456e+00
0.000000000000000000e+00 4.158999999999999919e-01 2.100000000000000089e+00
0.000000000000000000e+00 4.158999999999999919e-01 2.370466666666666722e+00
0.000000000000000000e+00 4.158999999999999919e-01 2.640933333333333355e+00
0.000000000000000000e+00 4.158999999999999919e-01 2.911399999999999988e+00
1.033933333333333371e-01 4.158999999999999919e-01 1.288599999999999968e+00
1.033933333333333371e-01 4.158999999999999919e-01 1.559066666666666601e+00
1.033933333333333371e-01 4.158999999999999919e-01 1.829533333333333456e+00
1.033933333333333371e-01 4.158999999999999919e-01 2.100000000000000089e+00
1.033933333333333371e-01 4.158999999999999919e-01 2.370466666666666722e+00
1.033933333333333371e-01 4.158999999999999919e-01 2.640933333333333355e+00
1.033933333333333371e-01 4.158999999999999919e-01 2.911399999999999988e+00
2.067866666666666742e-01 4.158999999999999919e-01 1.288599999999999968e+00
2.067866666666666742e-01 4.158999999999999919e-01 1.559066666666666601e+00
2.067866666666666742e-01 4.158999999999999919e-01 1.829533333333333456e+00
2.067866666666666742e-01 4.158999999999999919e-01 2.100000000000000089e+00
2.067866666666666742e-01 4.158999999999999919e-01 2.370466666666666722e+00
2.067866666666666742e-01 4.158999999999999919e-01 2.640933333333333355e+00
2.067866666666666742e-01 4.158999999999999919e-01 2.911399999999999988e+00
3.101800000000000113e-01 4.158999999999999919e-01 1.288599999999999968e+00
3.101800000000000113e-01 4.158999999999999919e-01 1.559066666666666601e+00
3.101800000000000113e-01 4.158999999999999919e-01 1.829533333333333456e+00
3.101800000000000113e-01 4.158999999999999919e-01 2.100000000000000089e+00
3.101800000000000113e-01 4.158999999999999919e-01 2.370466666666666722e+00
3.101800000000000113e-01 4.158999999999999919e-01 2.640933333333333355e+00
3.101800000000000113e-01 4.158999999999999919e-01 2.911399999999999988e+00
4.135733333333333483e-01 4.158999999999999919e-01 1.288599999999999968e+00
4.135733333333333483e-01 4.158999999999999919e-01 1.559066666666666601e+00
4.135733333333333483e-01 4.158999999999999919e-01 1.829533333333333456e+00
4.135733333333333483e-01 4.158999999999999919e-01 2.100000000000000089e+00
4.135733333333333483e-01 4.158999999999999919e-01 2.370466666666666722e+00
4.135733333333333483e-01 4.158999999999999919e-01 2.640933333333333355e+00
4.135733333333333483e-01 4.158999999999999919e-01 2.911399999999999988e+00
5.169666666666666854e-01 4.158999999999999919e-01 1.288599999999999968e+00
5.169666666666666854e-01 4.158999999999999919e-01 1.559066666666666601e+00
5.169666666666666854e-01 4.158999999999999919e-01 1.829533333333333456e+00
5.169666666666666854e-01 4.158999999999999919e-01 2.100000000000000089e+00
5.169666666666666854e-01 4.158999999999999919e-01 2.370466666666666722e+00
5.169666666666666854e-01 4.158999999999999919e-01 2.640933333333333355e+00
5.169666666666666854e-01 4.158999999999999919e-01 2.911399999999999988e+00
6.203600000000000225e-01 4.158999999999999919e-01 1.288599999999999968e+00
6.203600000000000225e-01 4.158999999999999919e-01 1.559066666666666601e+00
6.203600000000000225e-01 4.158999999999999919e-01 1.829533333333333456e+00
6.203600000000000225e-01 4.158999999999999919e-01 2.100000000000000089e+00
6.203600000000000225e-01 4.158999999999999919e-01 2.370466666666666722e+00
6.203600000000000225e-01 4.158999999999999919e-01 2.640933333333333355e+00
6.203600000000000225e-01 4.158999999999999919e-01 2.911399999999999988e+00
