0.000000000000000000e+00 1.841000000000000136e-01 1.288599999999999968e+00
0.000000000000000000e+00 1.841000000000000136e-01 1.613159999999999927e+00
0.000000000000000000e+00 1.841000000000000136e-01 1.937720000000000109e+00
0.000000000000000000e+00 1.841000000000000136e-01 2.262280000000000069e+00
0.000000000000000000e+00 1.841000000000000136e-01 2.586840000000000028e+00
0.000000000000000000e+00 1.841000000000000136e-01 2.911399999999999988e+00
1.240720000000000017e-01 1.841000000000000136e-01 1.288599999999999968e+00
1.240720000000000017e-01 1.841000000000000136e-01 1.613159999999999927e+00
1.240720000000000017e-01 1.841000000000000136e-01 1.937720000000000109e+00
1.240720000000000017e-01 1.841000000000000136e-01 2.262280000000000069e+00
1.240720000000000017e-01 1.841000000000000136e-01 2.586840000000000028e+00
1.240720000000000017e-01 1.841000000000000136e-01 2.911399999999999988e+00
2.481440000000000035e-01 1.841000000000000136e-01 1.288599999999999968e+00
2.481440000000000035e-01 1.841000000000000136e-01 1.613159999999999927e+00
2.481440000000000035e-01 1.841000000000000136e-01 1.937720000000000109e+00
2.481440000000000035e-01 1.841000000000000136e-01 2.262280000000000069e+00
2.481440000000000035e-01 1.841000000000000136e-01 2.586840000000000028e+00
2.481440000000000035e-01 1.841000000000000136e-01 2.911399999999999988e+00
3.722159999999999913e-01 1.841000000000000136e-01 1.288599999999999968e+00
3.722159999999999913e-01 1.841000000000000136e-01 1.613159999999999927e+00
3.722159999999999913e-01 1.841000000000000136e-01 1.937720000000000109e+00
3.722159999999999913e-01 1.841000000000000136e-01 2.262280000000000069e+00
3.722159999999999913e-01 1.841000000000000136e-01 2.586840000000000028e+00
3.722159999999999913e-01 1.841000000000000136e-01 2.911399999999999988e+00
4.962880000000000069e-01 1.841000000000000136e-01 1.288599999999999968e+00
4.962880000000000069e-01 1.841000000000000136e-01 1.613159999999999927e+00
4.962880000000000069e-01 1.841000000000000136e-01 1.937720000000000109e+00
4.962880000000000069e-01 1.841000000000000136e-01 2.262280000000000069e+00
4.962880000000000069e-01 1.841000000000000136e-01 2.586840000000000028e+00
4.962880000000000069e-01 1.841000000000000136e-01 2.911399999999999988e+00
6.203600000000000225e-01 1.841000000000000136e-01 1.288599999999999968e+00
6.203600000000000225e-01 1.841000000000000136e-01 1.613159999999999927e+00
6.203600000000000225e-01 1.841000000000000136e-01 1.937720000000000109e+00
6.203600000000000225e-01 1.841000000000000136e-01 2.262280000000000069e+00
6.203600000000000225e-01 1.841000000000000136e-01 2.586840000000000028e+00
6.203600000000000225e-01 1.841000000000000136e-01 2.911399999999999988e+00
0.000000000000000000e+00 2.304599999999999982e-01 1.288599999999999968e+00
0.000000000000000000e+00 2.304599999999999982e-01 1.613159999999999927e+00
0.000000000000000000e+00 2.304599999999999982e-01 1.937720000000000109e+00
0.000000000000000000e+00 2.304599999999999982e-01 2.262280000000000069e+00
0.000000000000000000e+00 2.304599999999999982e-01 2.586840000000000028e+00
0.000000000000000000e+00 2.304599999999999982e-01 2.911399999999999988e+00
1.240720000000000017e-01 2.304599999999999982e-01 1.288599999999999968e+00
1.240720000000000017e-01 2.304599999999999982e-01 1.613159999999999927e+00
1.240720000000000017e-01 2.304599999999999982e-01 1.937720000000000109e+00
1.240720000000000017e-01 2.304599999999999982e-01 2.262280000000000069e+00
1.240720000000000017e-01 2.304599999999999982e-01 2.586840000000000028e+00
1.240720000000000017e-01 2.304599999999999982e-01 2.911399999999999988e+00
2.481440000000000035e-01 2.304599999999999982e-01 1.288599999999999968e+00
2.481440000000000035e-01 2.304599999999999982e-01 1.613159999999999927e+00
2.481440000000000035e-01 2.304599999999999982e-01 1.937720000000000109e+00
2.481440000000000035e-01 2.304599999999999982e-01 2.262280000000000069e+00
2.481440000000000035e-01 2.304599999999999982e-01 2.586840000000000028e+00
2.481440000000000035e-01 2.304599999999999982e-01 2.911399999999999988e+00
3.722159999999999913e-01 2.304599999999999982e-01 1.288599999999999968e+00
3.722159999999999913e-01 2.304599999999999982e-01 1.613159999999999927e+00
3.722159999999999913e-01 2.304599999999999982e-01 1.937720000000000109e+00
3.722159999999999913e-01 2.304599999999999982e-01 2.262280000000000069e+00
3.722159999999999913e-01 2.304599999999999982e-01 2.586840000000000028e+00
3.722159999999999913e-01 2.304599999999999982e-01 2.911399999999999988e+00
4.962880000000000069e-01 2.304599999999999982e-01 1.288599999999999968e+00
4.962880000000000069e-01 2.304599999999999982e-01 1.613159999999999927e+00
4.962880000000000069e-01 2.304599999999999982e-01 1.937720000000000109e+00
4.962880000000000069e-01 2.304599999999999982e-01 2.262280000000000069e+00
4.962880000000000069e-01 2.304599999999999982e-01 2.586840000000000028e+00
4.962880000000000069e-01 2.304599999999999982e-01 2.911399999999999988e+00
6.203600000000000225e-01 2.304599999999999982e-01 1.288599999999999968e+00
6.203600000000000225e-01 2.304599999999999982e-01 1.613159999999999927e+00
6.203600000000000225e-01 2.304599999999999982e-01 1.937720000000000109e+00
6.203600000000000225e-01 2.304599999999999982e-01 2.262280000000000069e+00
6.203600000000000225e-01 2.304599999999999982e-01 2.586840000000000028e+00
6.203600000000000225e-01 2.304599999999999982e-01 2.911399999999999988e+00
0.000000000000000000e+00 2.768200000000000105e-01 1.288599999999999968e+00
0.000000000000000000e+00 2.768200000000000105e-01 1.613159999999999927e+00
0.000000000000000000e+00 2.768200000000000105e-01 1.937720000000000109e+00
0.000000000000000000e+00 2.768200000000000105e-01 2.262280000000000069e+00
0.000000000000000000e+00 2.768200000000000105e-01 2.586840000000000028e+00
0.000000000000000000e+00 2.768200000000000105e-01 2.911399999999999988e+00
1.240720000000000017e-01 2.768200000000000105e-01 1.288599999999999968e+00
1.240720000000000017e-01 2.768200000000000105e-01 1.613159999999999927e+00
1.240720000000000017e-01 2.768200000000000105e-01 1.937720000000000109e+00
1.240720000000000017e-01 2.768200000000000105e-01 2.262280000000000069e+00
1.240720000000000017e-01 2.768200000000000105e-01 2.586840000000000028e+00
1.240720000000000017e-01 2.768200000000000105e-01 2.911399999999999988e+00
2.481440000000000035e-01 2.768200000000000105e-01 1.288599999999999968e+00
2.481440000000000035e-01 2.768200000000000105e-01 1.613159999999999927e+00
2.481440000000000035e-01 2.768200000000000105e-01 1.937720000000000109e+00
2.481440000000000035e-01 2.768200000000000105e-01 2.262280000000000069e+00
2.481440000000000035e-01 2.768200000000000105e-01 2.586840000000000028e+00
2.481440000000000035e-01 2.768200000000000105e-01 2.911399999999999988e+00
3.722159999999999913e-01 2.768200000000000105e-01 1.288599999999999968e+00
3.722159999999999913e-01 2.768200000000000105e-01 1.613159999999999927e+00
3.722159999999999913e-01 2.768200000000000105e-01 1.937720000000000109e+00
3.722159999999999913e-01 2.768200000000000105e-01 2.262280000000000069e+00
3.722159999999999913e-01 2.768200000000000105e-01 2.586840000000000028e+00
3.722159999999999913e-01 2.768200000000000105e-01 2.911399999999999988e+00
4.962880000000000069e-01 2.768200000000000105e-01 1.288599999999999968e+00
4.962880000000000069e-01 2.768200000000000105e-01 1.613159999999999927e+00
4.962880000000000069e-01 2.768200000000000105e-01 1.937720000000000109e+00
4.962880000000000069e-01 2.768200000000000105e-01 2.262280000000000069e+00
4.962880000000000069e-01 2.768200000000000105e-01 2.586840000000000028e+00
4.962880000000000069e-01 2.768200000000000105e-01 2.911399999999999988e+00
6.203600000000000225e-01 2.768200000000000105e-01 1.288599999999999968e+00
6.203600000000000225e-01 2.768200000000000105e-01 1.613159999999999927e+00
6.203600000000000225e-01 2.768200000000000105e-01 1.937720000000000109e+00
6.203600000000000225e-01 2.768200000000000105e-01 2.262280000000000069e+00
6.203600000000000225e-01 2.768200000000000105e-01 2.586840000000000028e+00
6.203600000000000225e-01 2.768200000000000105e-01 2.911399999999999988e+00
0.000000000000000000e+00 3.231800000000000228e-01 1.288599999999999968e+00
0.000000000000000000e+00 3.231800000000000228e-01 1.613159999999999927e+00
0.000000000000000000e+00 3.231800000000000228e-01 1.937720000000000109e+00
0.000000000000000000e+00 3.231800000000000228e-01 2.262280000000000069e+00
0.000000000000000000e+00 3.231800000000000228e-01 2.586840000000000028e+00
0.000000000000000000e+00 3.231800000000000228e-01 2.911399999999999988e+00
1.240720000000000017e-01 3.231800000000000228e-01 1.288599999999999968e+00
1.240720000000000017e-01 3.231800000000000228e-01 1.613159999999999927e+00
1.240720000000000017e-01 3.231800000000000228e-01 1.937720000000000109e+00
1.240720000000000017e-01 3.231800000000000228e-01 2.262280000000000069e+00
1.240720000000000017e-01 3.231800000000000228e-01 2.586840000000000028e+00
1.240720000000000017e-01 3.231800000000000228e-01 2.911399999999999988e+00
2.481440000000000035e-01 3.231800000000000228e-01 1.288599999999999968e+00
2.481440000000000035e-01 3.231800000000000228e-01 1.613159999999999927e+00
2.481440000000000035e-01 3.231800000000000228e-01 1.937720000000000109e+00
2.481440000000000035e-01 3.231800000000000228e-01 2.262280000000000069e+00
2.481440000000000035e-01 3.231800000000000228e-01 2.586840000000000028e+00
2.481440000000000035e-01 3.231800000000000228e-01 2.911399999999999988e+00
3.722159999999999913e-01 3.231800000000000228e-01 1.288599999999999968e+00
3.722159999999999913e-01 3.231800000000000228e-01 1.613159999999999927e+00
3.722159999999999913e-01 3.231800000000000228e-01 1.937720000000000109e+00
3.722159999999999913e-01 3.231800000000000228e-01 2.262280000000000069e+00
3.722159999999999913e-01 3.231800000000000228e-01 2.586840000000000028e+00
3.722159999999999913e-01 3.231800000000000228e-01 2.911399999999999988e+00
4.962880000000000069e-01 3.231800000000000228e-01 1.288599999999999968e+00
4.962880000000000069e-01 3.231800000000000228e-01 1.613159999999999927e+00
4.962880000000000069e-01 3.231800000000000228e-01 1.937720000000000109e+00
4.962880000000000069e-01 3.231800000000000228e-01 2.262280000000000069e+00
4.962880000000000069e-01 3.231800000000000228e-01 2.586840000000000028e+00
4.962880000000000069e-01 3.231800000000000228e-01 2.911399999999999988e+00
6.203600000000000225e-01 3.231800000000000228e-01 1.288599999999999968e+00
6.203600000000000225e-01 3.231800000000000228e-01 1.613159999999999927e+00
6.203600000000000225e-01 3.231800000000000228e-01 1.937720000000000109e+00
6.203600000000000225e-01 3.231800000000000228e-01 2.262280000000000069e+00
6.203600000000000225e-01 3.231800000000000228e-01 2.586840000000000028e+00
6.203600000000000225e-01 3.231800000000000228e-01 2.911399999999999988e+00
0.000000000000000000e+00 3.695399999999999796e-01 1.288599999999999968e+00
0.000000000000000000e+00 3.695399999999999796e-01 1.613159999999999927e+00
0.000000000000000000e+00 3.695399999999999796e-01 1.937720000000000109e+00
0.000000000000000000e+00 3.695399999999999796e-01 2.262280000000000069e+00
0.000000000000000000e+00 3.695399999999999796e-01 2.586840000000000028e+00
0.000000000000000000e+00 3.695399999999999796e-01 2.911399999999999988e+00
1.240720000000000017e-01 3.695399999999999796e-01 1.288599999999999968e+00
1.240720000000000017e-01 3.695399999999999796e-01 1.613159999999999927e+00
1.240720000000000017e-01 3.695399999999999796e-01 1.937720000000000109e+00
1.240720000000000017e-01 3.695399999999999796e-01 2.262280000000000069e+00
1.240720000000000017e-01 3.695399999999999796e-01 2.586840000000000028e+00
1.240720000000000017e-01 3.695399999999999796e-01 2.911399999999999988e+00
2.481440000000000035e-01 3.695399999999999796e-01 1.288599999999999968e+00
2.481440000000000035e-01 3.695399999999999796e-01 1.613159999999999927e+00
2.481440000000000035e-01 3.695399999999999796e-01 1.937720000000000109e+00
2.481440000000000035e-01 3.695399999999999796e-01 2.262280000000000069e+00
2.481440000000000035e-01 3.695399999999999796e-01 2.586840000000000028e+00
2.481440000000000035e-01 3.695399999999999796e-01 2.911399999999999988e+00
3.722159999999999913e-01 3.695399999999999796e-01 1.288599999999999968e+00
3.722159999999999913e-01 3.695399999999999796e-01 1.613159999999999927e+00
3.722159999999999913e-01 3.695399999999999796e-01 1.937720000000000109e+00
3.722159999999999913e-01 3.695399999999999796e-01 2.262280000000000069e+00
3.722159999999999913e-01 3.695399999999999796e-01 2.586840000000000028e+00
3.722159999999999913e-01 3.695399999999999796e-01 2.911399999999999988e+00
4.962880000000000069e-01 3.695399999999999796e-01 1.288599999999999968e+00
4.962880000000000069e-01 3.695399999999999796e-01 1.613159999999999927e+00
4.962880000000000069e-01 3.695399999999999796e-01 1.937720000000000109e+00
4.962880000000000069e-01 3.695399999999999796e-01 2.262280000000000069e+00
4.962880000000000069e-01 3.695399999999999796e-01 2.586840000000000028e+00
4.962880000000000069e-01 3.695399999999999796e-01 2.911399999999999988e+00
6.203600000000000225e-01 3.695399999999999796e-01 1.288599999999999968e+00
6.203600000000000225e-01 3.695399999999999796e-01 1.613159999999999927e+00
6.203600000000000225e-01 3.695399999999999796e-01 1.937720000000000109e+00
6.203600000000000225e-01 3.695399999999999796e-01 2.262280000000000069e+00
6.203600000000000225e-01 3.695399999999999796e-01 2.586840000000000028e+00
6.203600000000000225e-01 3.695399999999999796e-01 2.911399999999999988e+00
0.000000000000000000e+00 4.158999999999999919e-01 1.288599999999999968e+00
0.000000000000000000e+00 4.158999999999999919e-01 1.613159999999999927e+00
0.000000000000000000e+00 4.158999999999999919e-01 1.937720000000000109e+00
0.000000000000000000e+00 4.158999999999999919e-01 2.262280000000000069e+00
0.000000000000000000e+00 4.158999999999999919e-01 2.586840000000000028e+00
0.000000000000000000e+00 4.158999999999999919e-01 2.911399999999999988e+00
1.240720000000000017e-01 4.158999999999999919e-01 1.288599999999999968e+00
1.240720000000000017e-01 4.158999999999999919e-01 1.613159999999999927e+00
1.240720000000000017e-01 4.158999999999999919e-01 1.937720000000000109e+00
1.240720000000000017e-01 4.158999999999999919e-01 2.262280000000000069e+00
1.240720000000000017e-01 4.158999999999999919e-01 2.586840000000000028e+00
1.240720000000000017e-01 4.158999999999999919e-01 2.911399999999999988e+00
2.481440000000000035e-01 4.158999999999999919e-01 1.288599999999999968e+00
2.481440000000000035e-01 4.158999999999999919e-01 1.613159999999999927e+00
2.481440000000000035e-01 4.158999999999999919e-01 1.937720000000000109e+00
2.481440000000000035e-01 4.158999999999999919e-01 2.262280000000000069e+00
2.481440000000000035e-01 4.158999999999999919e-01 2.586840000000000028e+00
2.481440000000000035e-01 4.158999999999999919e-01 2.911399999999999988e+00
3.722159999999999913e-01 4.158999999999999919e-01 1.288599999999999968e+00
3.722159999999999913e-01 4.158999999999999919e-01 1.613159999999999927e+00
3.722159999999999913e-01 4.158999999999999919e-01 1.937720000000000109e+00
3.722159999999999913e-01 4.158999999999999919e-01 2.262280000000000069e+00
3.722159999999999913e-01 4.158999999999999919e-01 2.586840000000000028e+00
3.722159999999999913e-01 4.158999999999999919e-01 2.911399999999999988e+00
4.962880000000000069e-01 4.158999999999999919e-01 1.288599999999999968e+00
4.962880000000000069e-01 4.158999999999999919e-01 1.613159999999999927e+00
4.962880000000000069e-01 4.158999999999999919e-01 1.937720000000000109e+00
4.962880000000000069e-01 4.158999999999999919e-01 2.262280000000000069e+00
4.962880000000000069e-01 4.158999999999999919e-01 2.586840000000000028e+00
4.962880000000000069e-01 4.158999999999999919e-01 2.911399999999999988e+00
6.203600000000000225e-01 4.158999999999999919e-01 1.288599999999999968e+00
6.203600000000000225e-01 4.158999999999999919e-01 1.613159999999999927e+00
6.203600000000000225e-01 4.158999999999999919e-01 1.937720000000000109e+00
6.203600000000000225e-01 4.158999999999999919e-01 2.262280000000000069e+00
6.203600000000000225e-01 4.158999999999999919e-01 2.586840000000000028e+00
6.203600000000000225e-01 4.158999999999999919e-01 2.911399999999999988e+00
