0.000000000000000000e+00 1.841000000000000136e-01 1.288599999999999968e+00
0.000000000000000000e+00 1.841000000000000136e-01 1.520428571428571463e+00
0.000000000000000000e+00 1.841000000000000136e-01 1.752257142857142735e+00
0.000000000000000000e+00 1.841000000000000136e-01 1.984085714285714230e+00
0.000000000000000000e+00 1.841000000000000136e-01 2.215914285714285725e+00
0.000000000000000000e+00 1.841000000000000136e-01 2.447742857142856998e+00
0.000000000000000000e+00 1.841000000000000136e-01 2.679571428571428271e+00
0.000000000000000000e+00 1.841000000000000136e-01 2.911399999999999988e+00
8.862285714285714211e-02 1.841000000000000136e-01 1.288599999999999968e+00
8.862285714285714211e-02 1.841000000000000136e-01 1.520428571428571463e+00
8.862285714285714211e-02 1.841000000000000136e-01 1.752257142857142735e+00
8.862285714285714211e-02 1.841000000000000136e-01 1.984085714285714230e+00
8.862285714285714211e-02 1.841000000000000136e-01 2.215914285714285725e+00
8.862285714285714211e-02 1.841000000000000136e-01 2.447742857142856998e+00
8.862285714285714211e-02 1.841000000000000136e-01 2.679571428571428271e+00
8.862285714285714211e-02 1.841000000000000136e-01 2.911399999999999988e+00
1.772457142857142842e-01 1.841000000000000136e-01 1.288599999999999968e+00
1.772457142857142842e-01 1.841000000000000136e-01 1.520428571428571463e+00
1.772457142857142842e-01 1.841000000000000136e-01 1.752257142857142735e+00
1.772457142857142842e-01 1.841000000000000136e-01 1.984085714285714230e+00
1.772457142857142842e-01 1.841000000000000136e-01 2.215914285714285725e+00
1.772457142857142842e-01 1.841000000000000136e-01 2.447742857142856998e+00
1.772457142857142842e-01 1.841000000000000136e-01 2.679571428571428271e+00
1.772457142857142842e-01 1.841000000000000136e-01 2.911399999999999988e+00
2.658685714285714541e-01 1.841000000000000136e-01 1.288599999999999968e+00
2.658685714285714541e-01 1.841000000000000136e-01 1.520428571428571463e+00
2.658685714285714541e-01 1.841000000000000136e-01 1.752257142857142735e+00
2.658685714285714541e-01 1.841000000000000136e-01 1.984085714285714230e+00
2.658685714285714541e-01 1.841000000000000136e-01 2.215914285714285725e+00
2.658685714285714541e-01 1.841000000000000136e-01 2.447742857142856998e+00
2.658685714285714541e-01 1.841000000000000136e-01 2.679571428571428271e+00
2.658685714285714541e-01 1.841000000000000136e-01 2.911399999999999988e+00
3.544914285714285684e-01 1.841000000000000136e-01 1.288599999999999968e+00
3.544914285714285684e-01 1.841000000000000136e-01 1.520428571428571463e+00
3.544914285714285684e-01 1.841000000000000136e-01 1.752257142857142735e+00
3.544914285714285684e-01 1.841000000000000136e-01 1.984085714285714230e+00
3.544914285714285684e-01 1.841000000000000136e-01 2.215914285714285725e+00
3.544914285714285684e-01 1.841000000000000136e-01 2.447742857142856998e+00
3.544914285714285684e-01 1.841000000000000136e-01 2.679571428571428271e+00
3.544914285714285684e-01 1.841000000000000136e-01 2.911399999999999988e+00
4.431142857142856828e-01 1.841000000000000136e-01 1.288599999999999968e+00
4.431142857142856828e-01 1.841000000000000136e-01 1.520428571428571463e+00
4.431142857142856828e-01 1.841000000000000136e-01 1.752257142857142735e+00
4.431142857142856828e-01 1.841000000000000136e-01 1.984085714285714230e+00
4.431142857142856828e-01 1.841000000000000136e-01 2.215914285714285725e+00
4.431142857142856828e-01 1.841000000000000136e-01 2.447742857142856998e+00
4.431142857142856828e-01 1.841000000000000136e-01 2.679571428571428271e+00
4.431142857142856828e-01 1.841000000000000136e-01 2.911399999999999988e+00
5.317371428571429082e-01 1.841000000000000136e-01 1.288599999999999968e+00
5.317371428571429082e-01 1.841000000000000136e-01 1.520428571428571463e+00
5.317371428571429082e-01 1.841000000000000136e-01 1.752257142857142735e+00
5.317371428571429082e-01 1.841000000000000136e-01 1.984085714285714230e+00
5.317371428571429082e-01 1.841000000000000136e-01 2.215914285714285725e+00
5.317371428571429082e-01 1.841000000000000136e-01 2.447742857142856998e+00
5.317371428571429082e-01 1.841000000000000136e-01 2.679571428571428271e+00
5.317371428571429082e-01 1.841000000000000136e-01 2.911399999999999988e+00
6.203600000000000225e-01 1.841000000000000136e-01 1.288599999999999968e+00
6.203600000000000225e-01 1.841000000000000136e-01 1.520428571428571463e+00
6.203600000000000225e-01 1.841000000000000136e-01 1.752257142857142735e+00
6.203600000000000225e-01 1.841000000000000136e-01 1.984085714285714230e+00
6.203600000000000225e-01 1.841000000000000136e-01 2.215914285714285725e+00
6.203600000000000225e-01 1.841000000000000136e-01 2.447742857142856998e+00
6.203600000000000225e-01 1.841000000000000136e-01 2.679571428571428271e+00
6.203600000000000225e-01 1.841000000000000136e-01 2.911399999999999988e+00
0.000000000000000000e+00 2.172142857142857209e-01 1.288599999999999968e+00
0.000000000000000000e+00 2.172142857142857209e-01 1.520428571428571463e+00
0.000000000000000000e+00 2.172142857142857209e-01 1.752257142857142735e+00
0.000000000000000000e+00 2.172142857142857209e-01 1.984085714285714230e+00
0.000000000000000000e+00 2.172142857142857209e-01 2.215914285714285725e+00
0.000000000000000000e+00 2.172142857142857209e-01 2.447742857142856998e+00
0.000000000000000000e+00 2.172142857142857209e-01 2.679571428571428271e+00
0.000000000000000000e+00 2.172142857142857209e-01 2.911399999999999988e+00
8.862285714285714211e-02 2.172142857142857209e-01 1.288599999999999968e+00
8.862285714285714211e-02 2.172142857142857209e-01 1.520428571428571463e+00
8.862285714285714211e-02 2.172142857142857209e-01 1.752257142857142735e+00
8.862285714285714211e-02 2.172142857142857209e-01 1.984085714285714230e+00
8.862285714285714211e-02 2.172142857142857209e-01 2.215914285714285725e+00
8.862285714285714211e-02 2.172142857142857209e-01 2.447742857142856998e+00
8.862285714285714211e-02 2.172142857142857209e-01 2.679571428571428271e+00
8.862285714285714211e-02 2.172142857142857209e-01 2.911399999999999988e+00
1.772457142857142842e-01 2.172142857142857209e-01 1.288599999999999968e+00
1.772457142857142842e-01 2.172142857142857209e-01 1.520428571428571463e+00
1.772457142857142842e-01 2.172142857142857209e-01 1.752257142857142735e+00
1.772457142857142842e-01 2.172142857142857209e-01 1.984085714285714230e+00
1.772457142857142842e-01 2.172142857142857209e-01 2.215914285714285725e+00
1.772457142857142842e-01 2.172142857142857209e-01 2.447742857142856998e+00
1.772457142857142842e-01 2.172142857142857209e-01 2.679571428571428271e+00
1.772457142857142842e-01 2.172142857142857209e-01 2.911399999999999988e+00
2.658685714285714541e-01 2.172142857142857209e-01 1.288599999999999968e+00
2.658685714285714541e-01 2.172142857142857209e-01 1.520428571428571463e+00
2.658685714285714541e-01 2.172142857142857209e-01 1.752257142857142735e+00
2.658685714285714541e-01 2.172142857142857209e-01 1.984085714285714230e+00
2.658685714285714541e-01 2.172142857142857209e-01 2.215914285714285725e+00
2.658685714285714541e-01 2.172142857142857209e-01 2.447742857142856998e+00
2.658685714285714541e-01 2.172142857142857209e-01 2.679571428571428271e+00
2.658685714285714541e-01 2.172142857142857209e-01 2.911399999999999988e+00
3.544914285714285684e-01 2.172142857142857209e-01 1.288599999999999968e+00
3.544914285714285684e-01 2.172142857142857209e-01 1.520428571428571463e+00
3.544914285714285684e-01 2.172142857142857209e-01 1.752257142857142735e+00
3.544914285714285684e-01 2.172142857142857209e-01 1.984085714285714230e+00
3.544914285714285684e-01 2.172142857142857209e-01 2.215914285714285725e+00
3.544914285714285684e-01 2.172142857142857209e-01 2.447742857142856998e+00
3.544914285714285684e-01 2.172142857142857209e-01 2.679571428571428271e+00
3.544914285714285684e-01 2.172142857142857209e-01 2.911399999999999988e+00
4.431142857142856828e-01 2.172142857142857209e-01 1.288599999999999968e+00
4.431142857142856828e-01 2.172142857142857209e-01 1.520428571428571463e+00
4.431142857142856828e-01 2.172142857142857209e-01 1.752257142857142735e+00
4.431142857142856828e-01 2.172142857142857209e-01 1.984085714285714230e+00
4.431142857142856828e-01 2.172142857142857209e-01 2.215914285714285725e+00
4.431142857142856828e-01 2.172142857142857209e-01 2.447742857142856998e+00
4.431142857142856828e-01 2.172142857142857209e-01 2.679571428571428271e+00
4.431142857142856828e-01 2.172142857142857209e-01 2.911399999999999988e+00
5.317371428571429082e-01 2.172142857142857209e-01 1.288599999999999968e+00
5.317371428571429082e-01 2.172142857142857209e-01 1.520428571428571463e+00
5.317371428571429082e-01 2.172142857142857209e-01 1.752257142857142735e+00
5.317371428571429082e-01 2.172142857142857209e-01 1.984085714285714230e+00
5.317371428571429082e-01 2.172142857142857209e-01 2.215914285714285725e+00
5.317371428571429082e-01 2.172142857142857209e-01 2.447742857142856998e+00
5.317371428571429082e-01 2.172142857142857209e-01 2.679571428571428271e+00
5.317371428571429082e-01 2.172142857142857209e-01 2.911399999999999988e+00
6.203600000000000225e-01 2.172142857142857209e-01 1.288599999999999968e+00
6.203600000000000225e-01 2.172142857142857209e-01 1.520428571428571463e+00
6.203600000000000225e-01 2.172142857142857209e-01 1.752257142857142735e+00
6.203600000000000225e-01 2.172142857142857209e-01 1.984085714285714230e+00
6.203600000000000225e-01 2.172142857142857209e-01 2.215914285714285725e+00
6.203600000000000225e-01 2.172142857142857209e-01 2.447742857142856998e+00
6.203600000000000225e-01 2.172142857142857209e-01 2.679571428571428271e+00
6.203600000000000225e-01 2.172142857142857209e-01 2.911399999999999988e+00
0.000000000000000000e+00 2.503285714285714558e-01 1.288599999999999968e+00
0.000000000000000000e+00 2.503285714285714558e-01 1.520428571428571463e+00
0.000000000000000000e+00 2.503285714285714558e-01 1.752257142857142735e+00
0.000000000000000000e+00 2.503285714285714558e-01 1.984085714285714230e+00
0.000000000000000000e+00 2.503285714285714558e-01 2.215914285714285725e+00
0.000000000000000000e+00 2.503285714285714558e-01 2.447742857142856998e+00
0.000000000000000000e+00 2.503285714285714558e-01 2.679571428571428271e+00
0.000000000000000000e+00 2.503285714285714558e-01 2.911399999999999988e+00
8.862285714285714211e-02 2.503285714285714558e-01 1.288599999999999968e+00
8.862285714285714211e-02 2.503285714285714558e-01 1.520428571428571463e+00
8.862285714285714211e-02 2.503285714285714558e-01 1.752257142857142735e+00
8.862285714285714211e-02 2.503285714285714558e-01 1.984085714285714230e+00
8.862285714285714211e-02 2.503285714285714558e-01 2.215914285714285725e+00
8.862285714285714211e-02 2.503285714285714558e-01 2.447742857142856998e+00
8.862285714285714211e-02 2.503285714285714558e-01 2.679571428571428271e+00
8.862285714285714211e-02 2.503285714285714558e-01 2.911399999999999988e+00
1.772457142857142842e-01 2.503285714285714558e-01 1.288599999999999968e+00
1.772457142857142842e-01 2.503285714285714558e-01 1.520428571428571463e+00
1.772457142857142842e-01 2.503285714285714558e-01 1.752257142857142735e+00
1.772457142857142842e-01 2.503285714285714558e-01 1.984085714285714230e+00
1.772457142857142842e-01 2.503285714285714558e-01 2.215914285714285725e+00
1.772457142857142842e-01 2.503285714285714558e-01 2.447742857142856998e+00
1.772457142857142842e-01 2.503285714285714558e-01 2.679571428571428271e+00
1.772457142857142842e-01 2.503285714285714558e-01 2.911399999999999988e+00
2.658685714285714541e-01 2.503285714285714558e-01 1.288599999999999968e+00
2.658685714285714541e-01 2.503285714285714558e-01 1.520428571428571463e+00
2.658685714285714541e-01 2.503285714285714558e-01 1.752257142857142735e+00
2.658685714285714541e-01 2.503285714285714558e-01 1.984085714285714230e+00
2.658685714285714541e-01 2.503285714285714558e-01 2.215914285714285725e+00
2.658685714285714541e-01 2.503285714285714558e-01 2.447742857142856998e+00
2.658685714285714541e-01 2.503285714285714558e-01 2.679571428571428271e+00
2.658685714285714541e-01 2.503285714285714558e-01 2.911399999999999988e+00
3.544914285714285684e-01 2.503285714285714558e-01 1.288599999999999968e+00
3.544914285714285684e-01 2.503285714285714558e-01 1.520428571428571463e+00
3.544914285714285684e-01 2.503285714285714558e-01 1.752257142857142735e+00
3.544914285714285684e-01 2.503285714285714558e-01 1.984085714285714230e+00
3.544914285714285684e-01 2.503285714285714558e-01 2.215914285714285725e+00
3.544914285714285684e-01 2.503285714285714558e-01 2.447742857142856998e+00
3.544914285714285684e-01 2.503285714285714558e-01 2.679571428571428271e+00
3.544914285714285684e-01 2.503285714285714558e-01 2.911399999999999988e+00
4.431142857142856828e-01 2.503285714285714558e-01 1.288599999999999968e+00
4.431142857142856828e-01 2.503285714285714558e-01 1.520428571428571463e+00
4.431142857142856828e-01 2.503285714285714558e-01 1.752257142857142735e+00
4.431142857142856828e-01 2.503285714285714558e-01 1.984085714285714230e+00
4.431142857142856828e-01 2.503285714285714558e-01 2.215914285714285725e+00
4.431142857142856828e-01 2.503285714285714558e-01 2.447742857142856998e+00
4.431142857142856828e-01 2.503285714285714558e-01 2.679571428571428271e+00
4.431142857142856828e-01 2.503285714285714558e-01 2.911399999999999988e+00
5.317371428571429082e-01 2.503285714285714558e-01 1.288599999999999968e+00
5.317371428571429082e-01 2.503285714285714558e-01 1.520428571428571463e+00
5.317371428571429082e-01 2.503285714285714558e-01 1.752257142857142735e+00
5.317371428571429082e-01 2.503285714285714558e-01 1.984085714285714230e+00
5.317371428571429082e-01 2.503285714285714558e-01 2.215914285714285725e+00
5.317371428571429082e-01 2.503285714285714558e-01 2.447742857142856998e+00
5.317371428571429082e-01 2.503285714285714558e-01 2.679571428571428271e+00
5.317371428571429082e-01 2.503285714285714558e-01 2.911399999999999988e+00
6.203600000000000225e-01 2.503285714285714558e-01 1.288599999999999968e+00
6.203600000000000225e-01 2.503285714285714558e-01 1.520428571428571463e+00
6.203600000000000225e-01 2.503285714285714558e-01 1.752257142857142735e+00
6.203600000000000225e-01 2.503285714285714558e-01 1.984085714285714230e+00
6.203600000000000225e-01 2.503285714285714558e-01 2.215914285714285725e+00
6.203600000000000225e-01 2.503285714285714558e-01 2.447742857142856998e+00
6.203600000000000225e-01 2.503285714285714558e-01 2.679571428571428271e+00
6.203600000000000225e-01 2.503285714285714558e-01 2.911399999999999988e+00
0.000000000000000000e+00 2.834428571428571630e-01 1.288599999999999968e+00
0.000000000000000000e+00 2.834428571428571630e-01 1.520428571428571463e+00
0.000000000000000000e+00 2.834428571428571630e-01 1.752257142857142735e+00
0.000000000000000000e+00 2.834428571428571630e-01 1.984085714285714230e+00
0.000000000000000000e+00 2.834428571428571630e-01 2.215914285714285725e+00
0.000000000000000000e+00 2.834428571428571630e-01 2.447742857142856998e+00
0.000000000000000000e+00 2.834428571428571630e-01 2.679571428571428271e+00
0.000000000000000000e+00 2.834428571428571630e-01 2.911399999999999988e+00
8.862285714285714211e-02 2.834428571428571630e-01 1.288599999999999968e+00
8.862285714285714211e-02 2.834428571428571630e-01 1.520428571428571463e+00
8.862285714285714211e-02 2.834428571428571630e-01 1.752257142857142735e+00
8.862285714285714211e-02 2.834428571428571630e-01 1.984085714285714230e+00
8.862285714285714211e-02 2.834428571428571630e-01 2.215914285714285725e+00
8.862285714285714211e-02 2.834428571428571630e-01 2.447742857142856998e+00
8.862285714285714211e-02 2.834428571428571630e-01 2.679571428571428271e+00
8.862285714285714211e-02 2.834428571428571630e-01 2.911399999999999988e+00
1.772457142857142842e-01 2.834428571428571630e-01 1.288599999999999968e+00
1.772457142857142842e-01 2.834428571428571630e-01 1.520428571428571463e+00
1.772457142857142842e-01 2.834428571428571630e-01 1.752257142857142735e+00
1.772457142857142842e-01 2.834428571428571630e-01 1.984085714285714230e+00
1.772457142857142842e-01 2.834428571428571630e-01 2.215914285714285725e+00
1.772457142857142842e-01 2.834428571428571630e-01 2.447742857142856998e+00
1.772457142857142842e-01 2.834428571428571630e-01 2.679571428571428271e+00
1.772457142857142842e-01 2.834428571428571630e-01 2.911399999999999988e+00
2.658685714285714541e-01 2.834428571428571630e-01 1.288599999999999968e+00
2.658685714285714541e-01 2.834428571428571630e-01 1.520428571428571463e+00
2.658685714285714541e-01 2.834428571428571630e-01 1.752257142857142735e+00
2.658685714285714541e-01 2.834428571428571630e-01 1.984085714285714230e+00
2.658685714285714541e-01 2.834428571428571630e-01 2.215914285714285725e+00
2.658685714285714541e-01 2.834428571428571630e-01 2.447742857142856998e+00
2.658685714285714541e-01 2.834428571428571630e-01 2.679571428571428271e+00
2.658685714285714541e-01 2.834428571428571630e-01 2.911399999999999988e+00
3.544914285714285684e-01 2.834428571428571630e-01 1.288599999999999968e+00
3.544914285714285684e-01 2.834428571428571630e-01 1.520428571428571463e+00
3.544914285714285684e-01 2.834428571428571630e-01 1.752257142857142735e+00
3.544914285714285684e-01 2.834428571428571630e-01 1.984085714285714230e+00
3.544914285714285684e-01 2.834428571428571630e-01 2.215914285714285725e+00
3.544914285714285684e-01 2.834428571428571630e-01 2.447742857142856998e+00
3.544914285714285684e-01 2.834428571428571630e-01 2.679571428571428271e+00
3.544914285714285684e-01 2.834428571428571630e-01 2.911399999999999988e+00
4.431142857142856828e-01 2.834428571428571630e-01 1.288599999999999968e+00
4.431142857142856828e-01 2.834428571428571630e-01 1.520428571428571463e+00
4.431142857142856828e-01 2.834428571428571630e-01 1.752257142857142735e+00
4.431142857142856828e-01 2.834428571428571630e-01 1.984085714285714230e+00
4.431142857142856828e-01 2.834428571428571630e-01 2.215914285714285725e+00
4.431142857142856828e-01 2.834428571428571630e-01 2.447742857142856998e+00
4.431142857142856828e-01 2.834428571428571630e-01 2.679571428571428271e+00
4.431142857142856828e-01 2.834428571428571630e-01 2.911399999999999988e+00
5.317371428571429082e-01 2.834428571428571630e-01 1.288599999999999968e+00
5.317371428571429082e-01 2.834428571428571630e-01 1.520428571428571463e+00
5.317371428571429082e-01 2.834428571428571630e-01 1.752257142857142735e+00
5.317371428571429082e-01 2.834428571428571630e-01 1.984085714285714230e+00
5.317371428571429082e-01 2.834428571428571630e-01 2.215914285714285725e+00
5.317371428571429082e-01 2.834428571428571630e-01 2.447742857142856998e+00
5.317371428571429082e-01 2.834428571428571630e-01 2.679571428571428271e+00
5.317371428571429082e-01 2.834428571428571630e-01 2.911399999999999988e+00
6.203600000000000225e-01 2.834428571428571630e-01 1.288599999999999968e+00
6.203600000000000225e-01 2.834428571428571630e-01 1.520428571428571463e+00
6.203600000000000225e-01 2.834428571428571630e-01 1.752257142857142735e+00
6.203600000000000225e-01 2.834428571428571630e-01 1.984085714285714230e+00
6.203600000000000225e-01 2.834428571428571630e-01 2.215914285714285725e+00
6.203600000000000225e-01 2.834428571428571630e-01 2.447742857142856998e+00
6.203600000000000225e-01 2.834428571428571630e-01 2.679571428571428271e+00
6.203600000000000225e-01 2.834428571428571630e-01 2.911399999999999988e+00
0.000000000000000000e+00 3.165571428571428703e-01 1.288599999999999968e+00
0.000000000000000000e+00 3.165571428571428703e-01 1.520428571428571463e+00
0.000000000000000000e+00 3.165571428571428703e-01 1.752257142857142735e+00
0.000000000000000000e+00 3.165571428571428703e-01 1.984085714285714230e+00
0.000000000000000000e+00 3.165571428571428703e-01 2.215914285714285725e+00
0.000000000000000000e+00 3.165571428571428703e-01 2.447742857142856998e+00
0.000000000000000000e+00 3.165571428571428703e-01 2.679571428571428271e+00
0.000000000000000000e+00 3.165571428571428703e-01 2.911399999999999988e+00
8.862285714285714211e-02 3.165571428571428703e-01 1.288599999999999968e+00
8.862285714285714211e-02 3.165571428571428703e-01 1.520428571428571463e+00
8.862285714285714211e-02 3.165571428571428703e-01 1.752257142857142735e+00
8.862285714285714211e-02 3.165571428571428703e-01 1.984085714285714230e+00
8.862285714285714211e-02 3.165571428571428703e-01 2.215914285714285725e+00
8.862285714285714211e-02 3.165571428571428703e-01 2.447742857142856998e+00
8.862285714285714211e-02 3.165571428571428703e-01 2.679571428571428271e+00
8.862285714285714211e-02 3.165571428571428703e-01 2.911399999999999988e+00
1.772457142857142842e-01 3.165571428571428703e-01 1.288599999999999968e+00
1.772457142857142842e-01 3.165571428571428703e-01 1.520428571428571463e+00
1.772457142857142842e-01 3.165571428571428703e-01 1.752257142857142735e+00
1.772457142857142842e-01 3.165571428571428703e-01 1.984085714285714230e+00
1.772457142857142842e-01 3.165571428571428703e-01 2.215914285714285725e+00
1.772457142857142842e-01 3.165571428571428703e-01 2.447742857142856998e+00
1.772457142857142842e-01 3.165571428571428703e-01 2.679571428571428271e+00
1.772457142857142842e-01 3.165571428571428703e-01 2.911399999999999988e+00
2.658685714285714541e-01 3.165571428571428703e-01 1.288599999999999968e+00
2.658685714285714541e-01 3.165571428571428703e-01 1.520428571428571463e+00
2.658685714285714541e-01 3.165571428571428703e-01 1.752257142857142735e+00
2.658685714285714541e-01 3.165571428571428703e-01 1.984085714285714230e+00
2.658685714285714541e-01 3.165571428571428703e-01 2.215914285714285725e+00
2.658685714285714541e-01 3.165571428571428703e-01 2.447742857142856998e+00
2.658685714285714541e-01 3.165571428571428703e-01 2.679571428571428271e+00
2.658685714285714541e-01 3.165571428571428703e-01 2.911399999999999988e+00
3.544914285714285684e-01 3.165571428571428703e-01 1.288599999999999968e+00
3.544914285714285684e-01 3.165571428571428703e-01 1.520428571428571463e+00
3.544914285714285684e-01 3.165571428571428703e-01 1.752257142857142735e+00
3.544914285714285684e-01 3.165571428571428703e-01 1.984085714285714230e+00
3.544914285714285684e-01 3.165571428571428703e-01 2.215914285714285725e+00
3.544914285714285684e-01 3.165571428571428703e-01 2.447742857142856998e+00
3.544914285714285684e-01 3.165571428571428703e-01 2.679571428571428271e+00
3.544914285714285684e-01 3.165571428571428703e-01 2.911399999999999988e+00
4.431142857142856828e-01 3.165571428571428703e-01 1.288599999999999968e+00
4.431142857142856828e-01 3.165571428571428703e-01 1.520428571428571463e+00
4.431142857142856828e-01 3.165571428571428703e-01 1.752257142857142735e+00
4.431142857142856828e-01 3.165571428571428703e-01 1.984085714285714230e+00
4.431142857142856828e-01 3.165571428571428703e-01 2.215914285714285725e+00
4.431142857142856828e-01 3.165571428571428703e-01 2.447742857142856998e+00
4.431142857142856828e-01 3.165571428571428703e-01 2.679571428571428271e+00
4.431142857142856828e-01 3.165571428571428703e-01 2.911399999999999988e+00
5.317371428571429082e-01 3.165571428571428703e-01 1.288599999999999968e+00
5.317371428571429082e-01 3.165571428571428703e-01 1.520428571428571463e+00
5.317371428571429082e-01 3.165571428571428703e-01 1.752257142857142735e+00
5.317371428571429082e-01 3.165571428571428703e-01 1.984085714285714230e+00
5.317371428571429082e-01 3.165571428571428703e-01 2.215914285714285725e+00
5.317371428571429082e-01 3.165571428571428703e-01 2.447742857142856998e+00
5.317371428571429082e-01 3.165571428571428703e-01 2.679571428571428271e+00
5.317371428571429082e-01 3.165571428571428703e-01 2.911399999999999988e+00
6.203600000000000225e-01 3.165571428571428703e-01 1.288599999999999968e+00
6.203600000000000225e-01 3.165571428571428703e-01 1.520428571428571463e+00
6.203600000000000225e-01 3.165571428571428703e-01 1.752257142857142735e+00
6.203600000000000225e-01 3.165571428571428703e-01 1.984085714285714230e+00
6.203600000000000225e-01 3.165571428571428703e-01 2.215914285714285725e+00
6.203600000000000225e-01 3.165571428571428703e-01 2.447742857142856998e+00
6.203600000000000225e-01 3.165571428571428703e-01 2.679571428571428271e+00
6.203600000000000225e-01 3.165571428571428703e-01 2.911399999999999988e+00
0.000000000000000000e+00 3.496714285714285775e-01 1.288599999999999968e+00
0.000000000000000000e+00 3.496714285714285775e-01 1.520428571428571463e+00
0.000000000000000000e+00 3.496714285714285775e-01 1.752257142857142735e+00
0.000000000000000000e+00 3.496714285714285775e-01 1.984085714285714230e+00
0.000000000000000000e+00 3.496714285714285775e-01 2.215914285714285725e+00
0.000000000000000000e+00 3.496714285714285775e-01 2.447742857142856998e+00
0.000000000000000000e+00 3.496714285714285775e-01 2.679571428571428271e+00
0.000000000000000000e+00 3.496714285714285775e-01 2.911399999999999988e+00
8.862285714285714211e-02 3.496714285714285775e-01 1.288599999999999968e+00
8.862285714285714211e-02 3.496714285714285775e-01 1.520428571428571463e+00
8.862285714285714211e-02 3.496714285714285775e-01 1.752257142857142735e+00
8.862285714285714211e-02 3.496714285714285775e-01 1.984085714285714230e+00
8.862285714285714211e-02 3.496714285714285775e-01 2.215914285714285725e+00
8.862285714285714211e-02 3.496714285714285775e-01 2.447742857142856998e+00
8.862285714285714211e-02 3.496714285714285775e-01 2.679571428571428271e+00
8.862285714285714211e-02 3.496714285714285775e-01 2.911399999999999988e+00
1.772457142857142842e-01 3.496714285714285775e-01 1.288599999999999968e+00
1.772457142857142842e-01 3.496714285714285775e-01 1.520428571428571463e+00
1.772457142857142842e-01 3.496714285714285775e-01 1.752257142857142735e+00
1.772457142857142842e-01 3.496714285714285775e-01 1.984085714285714230e+00
1.772457142857142842e-01 3.496714285714285775e-01 2.215914285714285725e+00
1.772457142857142842e-01 3.496714285714285775e-01 2.447742857142856998e+00
1.772457142857142842e-01 3.496714285714285775e-01 2.679571428571428271e+00
1.772457142857142842e-01 3.496714285714285775e-01 2.911399999999999988e+00
2.658685714285714541e-01 3.496714285714285775e-01 1.288599999999999968e+00
2.658685714285714541e-01 3.496714285714285775e-01 1.520428571428571463e+00
2.658685714285714541e-01 3.496714285714285775e-01 1.752257142857142735e+00
2.658685714285714541e-01 3.496714285714285775e-01 1.984085714285714230e+00
2.658685714285714541e-01 3.496714285714285775e-01 2.215914285714285725e+00
2.658685714285714541e-01 3.496714285714285775e-01 2.447742857142856998e+00
2.658685714285714541e-01 3.496714285714285775e-01 2.679571428571428271e+00
2.658685714285714541e-01 3.496714285714285775e-01 2.911399999999999988e+00
3.544914285714285684e-01 3.496714285714285775e-01 1.288599999999999968e+00
3.544914285714285684e-01 3.496714285714285775e-01 1.520428571428571463e+00
3.544914285714285684e-01 3.496714285714285775e-01 1.752257142857142735e+00
3.544914285714285684e-01 3.496714285714285775e-01 1.984085714285714230e+00
3.544914285714285684e-01 3.496714285714285775e-01 2.215914285714285725e+00
3.544914285714285684e-01 3.496714285714285775e-01 2.447742857142856998e+00
3.544914285714285684e-01 3.496714285714285775e-01 2.679571428571428271e+00
3.544914285714285684e-01 3.496714285714285775e-01 2.911399999999999988e+00
4.431142857142856828e-01 3.496714285714285775e-01 1.288599999999999968e+00
4.431142857142856828e-01 3.496714285714285775e-01 1.520428571428571463e+00
4.431142857142856828e-01 3.496714285714285775e-01 1.752257142857142735e+00
4.431142857142856828e-01 3.496714285714285775e-01 1.984085714285714230e+00
4.431142857142856828e-01 3.496714285714285775e-01 2.215914285714285725e+00
4.431142857142856828e-01 3.496714285714285775e-01 2.447742857142856998e+00
4.431142857142856828e-01 3.496714285714285775e-01 2.679571428571428271e+00
4.431142857142856828e-01 3.496714285714285775e-01 2.911399999999999988e+00
5.317371428571429082e-01 3.496714285714285775e-01 1.288599999999999968e+00
5.317371428571429082e-01 3.496714285714285775e-01 1.520428571428571463e+00
5.317371428571429082e-01 3.496714285714285775e-01 1.752257142857142735e+00
5.317371428571429082e-01 3.496714285714285775e-01 1.984085714285714230e+00
5.317371428571429082e-01 3.496714285714285775e-01 2.215914285714285725e+00
5.317371428571429082e-01 3.496714285714285775e-01 2.447742857142856998e+00
5.317371428571429082e-01 3.496714285714285775e-01 2.679571428571428271e+00
5.317371428571429082e-01 3.496714285714285775e-01 2.911399999999999988e+00
6.203600000000000225e-01 3.496714285714285775e-01 1.288599999999999968e+00
6.203600000000000225e-01 3.496714285714285775e-01 1.520428571428571463e+00
6.203600000000000225e-01 3.496714285714285775e-01 1.752257142857142735e+00
6.203600000000000225e-01 3.496714285714285775e-01 1.984085714285714230e+00
6.203600000000000225e-01 3.496714285714285775e-01 2.215914285714285725e+00
6.203600000000000225e-01 3.496714285714285775e-01 2.447742857142856998e+00
6.203600000000000225e-01 3.496714285714285775e-01 2.679571428571428271e+00
6.203600000000000225e-01 3.496714285714285775e-01 2.911399999999999988e+00
0.000000000000000000e+00 3.827857142857142847e-01 1.288599999999999968e+00
0.000000000000000000e+00 3.827857142857142847e-01 1.520428571428571463e+00
0.000000000000000000e+00 3.827857142857142847e-01 1.752257142857142735e+00
0.000000000000000000e+00 3.827857142857142847e-01 1.984085714285714230e+00
0.000000000000000000e+00 3.827857142857142847e-01 2.215914285714285725e+00
0.000000000000000000e+00 3.827857142857142847e-01 2.447742857142856998e+00
0.000000000000000000e+00 3.827857142857142847e-01 2.679571428571428271e+00
0.000000000000000000e+00 3.827857142857142847e-01 2.911399999999999988e+00
8.862285714285714211e-02 3.827857142857142847e-01 1.288599999999999968e+00
8.862285714285714211e-02 3.827857142857142847e-01 1.520428571428571463e+00
8.862285714285714211e-02 3.827857142857142847e-01 1.752257142857142735e+00
8.862285714285714211e-02 3.827857142857142847e-01 1.984085714285714230e+00
8.862285714285714211e-02 3.827857142857142847e-01 2.215914285714285725e+00
8.862285714285714211e-02 3.827857142857142847e-01 2.447742857142856998e+00
8.862285714285714211e-02 3.827857142857142847e-01 2.679571428571428271e+00
8.862285714285714211e-02 3.827857142857142847e-01 2.911399999999999988e+00
1.772457142857142842e-01 3.827857142857142847e-01 1.288599999999999968e+00
1.772457142857142842e-01 3.827857142857142847e-01 1.520428571428571463e+00
1.772457142857142842e-01 3.827857142857142847e-01 1.752257142857142735e+00
1.772457142857142842e-01 3.827857142857142847e-01 1.984085714285714230e+00
1.772457142857142842e-01 3.827857142857142847e-01 2.215914285714285725e+00
1.772457142857142842e-01 3.827857142857142847e-01 2.447742857142856998e+00
1.772457142857142842e-01 3.827857142857142847e-01 2.679571428571428271e+00
1.772457142857142842e-01 3.827857142857142847e-01 2.911399999999999988e+00
2.658685714285714541e-01 3.827857142857142847e-01 1.288599999999999968e+00
2.658685714285714541e-01 3.827857142857142847e-01 1.520428571428571463e+00
2.658685714285714541e-01 3.827857142857142847e-01 1.752257142857142735e+00
2.658685714285714541e-01 3.827857142857142847e-01 1.984085714285714230e+00
2.658685714285714541e-01 3.827857142857142847e-01 2.215914285714285725e+00
2.658685714285714541e-01 3.827857142857142847e-01 2.447742857142856998e+00
2.658685714285714541e-01 3.827857142857142847e-01 2.679571428571428271e+00
2.658685714285714541e-01 3.827857142857142847e-01 2.911399999999999988e+00
3.544914285714285684e-01 3.827857142857142847e-01 1.288599999999999968e+00
3.544914285714285684e-01 3.827857142857142847e-01 1.520428571428571463e+00
3.544914285714285684e-01 3.827857142857142847e-01 1.752257142857142735e+00
3.544914285714285684e-01 3.827857142857142847e-01 1.984085714285714230e+00
3.544914285714285684e-01 3.827857142857142847e-01 2.215914285714285725e+00
3.544914285714285684e-01 3.827857142857142847e-01 2.447742857142856998e+00
3.544914285714285684e-01 3.827857142857142847e-01 2.679571428571428271e+00
3.544914285714285684e-01 3.827857142857142847e-01 2.911399999999999988e+00
4.431142857142856828e-01 3.827857142857142847e-01 1.288599999999999968e+00
4.431142857142856828e-01 3.827857142857142847e-01 1.520428571428571463e+00
4.431142857142856828e-01 3.827857142857142847e-01 1.752257142857142735e+00
4.431142857142856828e-01 3.827857142857142847e-01 1.984085714285714230e+00
4.431142857142856828e-01 3.827857142857142847e-01 2.215914285714285725e+00
4.431142857142856828e-01 3.827857142857142847e-01 2.447742857142856998e+00
4.431142857142856828e-01 3.827857142857142847e-01 2.679571428571428271e+00
4.431142857142856828e-01 3.827857142857142847e-01 2.911399999999999988e+00
5.317371428571429082e-01 3.827857142857142847e-01 1.288599999999999968e+00
5.317371428571429082e-01 3.827857142857142847e-01 1.520428571428571463e+00
5.317371428571429082e-01 3.827857142857142847e-01 1.752257142857142735e+00
5.317371428571429082e-01 3.827857142857142847e-01 1.984085714285714230e+00
5.317371428571429082e-01 3.827857142857142847e-01 2.215914285714285725e+00
5.317371428571429082e-01 3.827857142857142847e-01 2.447742857142856998e+00
5.317371428571429082e-01 3.827857142857142847e-01 2.679571428571428271e+00
5.317371428571429082e-01 3.827857142857142847e-01 2.911399999999999988e+00
6.203600000000000225e-01 3.827857142857142847e-01 1.288599999999999968e+00
6.203600000000000225e-01 3.827857142857142847e-01 1.520428571428571463e+00
6.203600000000000225e-01 3.827857142857142847e-01 1.752257142857142735e+00
6.203600000000000225e-01 3.827857142857142847e-01 1.984085714285714230e+00
6.203600000000000225e-01 3.827857142857142847e-01 2.215914285714285725e+00
6.203600000000000225e-01 3.827857142857142847e-01 2.447742857142856998e+00
6.203600000000000225e-01 3.827857142857142847e-01 2.679571428571428271e+00
6.203600000000000225e-01 3.827857142857142847e-01 2.911399999999999988e+00
0.000000000000000000e+00 4.158999999999999919e-01 1.288599999999999968e+00
0.000000000000000000e+00 4.158999999999999919e-01 1.520428571428571463e+00
0.000000000000000000e+00 4.158999999999999919e-01 1.752257142857142735e+00
0.000000000000000000e+00 4.158999999999999919e-01 1.984085714285714230e+00
0.000000000000000000e+00 4.158999999999999919e-01 2.215914285714285725e+00
0.000000000000000000e+00 4.158999999999999919e-01 2.447742857142856998e+00
0.000000000000000000e+00 4.158999999999999919e-01 2.679571428571428271e+00
0.000000000000000000e+00 4.158999999999999919e-01 2.911399999999999988e+00
8.862285714285714211e-02 4.158999999999999919e-01 1.288599999999999968e+00
8.862285714285714211e-02 4.158999999999999919e-01 1.520428571428571463e+00
8.862285714285714211e-02 4.158999999999999919e-01 1.752257142857142735e+00
8.862285714285714211e-02 4.158999999999999919e-01 1.984085714285714230e+00
8.862285714285714211e-02 4.158999999999999919e-01 2.215914285714285725e+00
8.862285714285714211e-02 4.158999999999999919e-01 2.447742857142856998e+00
8.862285714285714211e-02 4.158999999999999919e-01 2.679571428571428271e+00
8.862285714285714211e-02 4.158999999999999919e-01 2.911399999999999988e+00
1.772457142857142842e-01 4.158999999999999919e-01 1.288599999999999968e+00
1.772457142857142842e-01 4.158999999999999919e-01 1.520428571428571463e+00
1.772457142857142842e-01 4.158999999999999919e-01 1.752257142857142735e+00
1.772457142857142842e-01 4.158999999999999919e-01 1.984085714285714230e+00
1.772457142857142842e-01 4.158999999999999919e-01 2.215914285714285725e+00
1.772457142857142842e-01 4.158999999999999919e-01 2.447742857142856998e+00
1.772457142857142842e-01 4.158999999999999919e-01 2.679571428571428271e+00
1.772457142857142842e-01 4.158999999999999919e-01 2.911399999999999988e+00
2.658685714285714541e-01 4.158999999999999919e-01 1.288599999999999968e+00
2.658685714285714541e-01 4.158999999999999919e-01 1.520428571428571463e+00
2.658685714285714541e-01 4.158999999999999919e-01 1.752257142857142735e+00
2.658685714285714541e-01 4.158999999999999919e-01 1.984085714285714230e+00
2.658685714285714541e-01 4.158999999999999919e-01 2.215914285714285725e+00
2.658685714285714541e-01 4.158999999999999919e-01 2.447742857142856998e+00
2.658685714285714541e-01 4.158999999999999919e-01 2.679571428571428271e+00
2.658685714285714541e-01 4.158999999999999919e-01 2.911399999999999988e+00
3.544914285714285684e-01 4.158999999999999919e-01 1.288599999999999968e+00
3.544914285714285684e-01 4.158999999999999919e-01 1.520428571428571463e+00
3.544914285714285684e-01 4.158999999999999919e-01 1.752257142857142735e+00
3.544914285714285684e-01 4.158999999999999919e-01 1.984085714285714230e+00
3.544914285714285684e-01 4.158999999999999919e-01 2.215914285714285725e+00
3.544914285714285684e-01 4.158999999999999919e-01 2.447742857142856998e+00
3.544914285714285684e-01 4.158999999999999919e-01 2.679571428571428271e+00
3.544914285714285684e-01 4.158999999999999919e-01 2.911399999999999988e+00
4.431142857142856828e-01 4.158999999999999919e-01 1.288599999999999968e+00
4.431142857142856828e-01 4.158999999999999919e-01 1.520428571428571463e+00
4.431142857142856828e-01 4.158999999999999919e-01 1.752257142857142735e+00
4.431142857142856828e-01 4.158999999999999919e-01 1.984085714285714230e+00
4.431142857142856828e-01 4.158999999999999919e-01 2.215914285714285725e+00
4.431142857142856828e-01 4.158999999999999919e-01 2.447742857142856998e+00
4.431142857142856828e-01 4.158999999999999919e-01 2.679571428571428271e+00
4.431142857142856828e-01 4.158999999999999919e-01 2.911399999999999988e+00
5.317371428571429082e-01 4.158999999999999919e-01 1.288599999999999968e+00
5.317371428571429082e-01 4.158999999999999919e-01 1.520428571428571463e+00
5.317371428571429082e-01 4.158999999999999919e-01 1.752257142857142735e+00
5.317371428571429082e-01 4.158999999999999919e-01 1.984085714285714230e+00
5.317371428571429082e-01 4.158999999999999919e-01 2.215914285714285725e+00
5.317371428571429082e-01 4.158999999999999919e-01 2.447742857142856998e+00
5.317371428571429082e-01 4.158999999999999919e-01 2.679571428571428271e+00
5.317371428571429082e-01 4.158999999999999919e-01 2.911399999999999988e+00
6.203600000000000225e-01 4.158999999999999919e-01 1.288599999999999968e+00
6.203600000000000225e-01 4.158999999999999919e-01 1.520428571428571463e+00
6.203600000000000225e-01 4.158999999999999919e-01 1.752257142857142735e+00
6.203600000000000225e-01 4.158999999999999919e-01 1.984085714285714230e+00
6.203600000000000225e-01 4.158999999999999919e-01 2.215914285714285725e+00
6.203600000000000225e-01 4.158999999999999919e-01 2.447742857142856998e+00
6.203600000000000225e-01 4.158999999999999919e-01 2.679571428571428271e+00
6.203600000000000225e-01 4.158999999999999919e-01 2.911399999999999988e+00
