3.001741935483871471e-01 3.037387096774193385e-01 2.492612903225806420e+00
3.802206451612903382e-01 4.009451612903225382e-01 1.707387096774193536e+00
1.600929032258064655e-01 2.962612903225806393e-01 2.073825806451612852e+00
6.003483870967742109e-02 1.990548387096774396e-01 2.178522580645161355e+00
3.401974193548387149e-01 2.813064516129032411e-01 1.393296774193548249e+00
4.002322580645161776e-01 2.439193548387096899e-01 2.911399999999999988e+00
2.201277419354839004e-01 3.112161290322580376e-01 1.916780645161290320e+00
2.001161290322580888e-01 4.158999999999999919e-01 1.288599999999999968e+00
1.801045161290322771e-01 2.588741935483870882e-01 1.340948387096774219e+00
5.002903225806452081e-01 2.663516129032258428e-01 2.126174193548386882e+00
2.401393548387096843e-01 2.364419354838709908e-01 1.969129032258064571e+00
5.803367741935484547e-01 3.336483870967741905e-01 1.864432258064516068e+00
4.002322580645161637e-02 2.738290322580645419e-01 2.387916129032258361e+00
5.203019354838710475e-01 2.887838709677419402e-01 2.335567741935483888e+00
5.603251612903226153e-01 3.710354838709677416e-01 2.021477419354838823e+00
8.004645161290323274e-02 3.411258064516128896e-01 1.602690322580645255e+00
5.403135483870967759e-01 3.186935483870967367e-01 2.440264516129031946e+00
2.001161290322580819e-02 3.486032258064516443e-01 2.754354838709677455e+00
4.602670967741935848e-01 2.513967741935483891e-01 1.550341935483871003e+00
4.202438709677419615e-01 1.915774193548387128e-01 1.655038709677419284e+00
3.201858064516129310e-01 3.859903225806451399e-01 1.759735483870967787e+00
4.802787096774193687e-01 3.560806451612903434e-01 2.544961290322580894e+00
2.801625806451613077e-01 2.140096774193548379e-01 2.283219354838709414e+00
4.402554838709678009e-01 4.084225806451612373e-01 1.497993548387096752e+00
0.000000000000000000e+00 3.635580645161290425e-01 1.812083870967741817e+00
1.000580645161290444e-01 2.214870967741935648e-01 2.597309677419354923e+00
3.602090322580645543e-01 2.065322580645161388e-01 2.702006451612903426e+00
2.601509677419355238e-01 3.785129032258064408e-01 1.445645161290322500e+00
6.003483870967742941e-01 2.289645161290322639e-01 2.806703225806451485e+00
1.200696774193548422e-01 3.261709677419354914e-01 2.230870967741935385e+00
6.203600000000000225e-01 1.841000000000000136e-01 2.859051612903225958e+00
1.400812903225806538e-01 3.934677419354838390e-01 2.649658064516128952e+00
