5.195515000000000549e-01 3.434625000000000039e-01 2.181140000000000079e+00
8.529950000000000032e-02 3.231800000000000228e-01 1.613159999999999927e+00
3.799704999999999888e-01 3.898225000000000162e-01 2.059429999999999872e+00
6.203600000000000225e-01 3.347700000000000120e-01 2.891115000000000101e+00
2.171260000000000134e-01 2.043825000000000225e-01 2.140569999999999862e+00
6.979050000000000531e-02 3.000000000000000444e-01 2.870829999999999771e+00
5.428150000000000475e-01 2.333574999999999955e-01 1.856580000000000119e+00
1.240720000000000017e-01 3.144875000000000309e-01 1.734869999999999912e+00
2.869165000000000187e-01 3.608474999999999877e-01 1.897149999999999892e+00
4.420065000000000244e-01 2.101775000000000171e-01 2.262280000000000069e+00
1.163175000000000042e-01 2.362550000000000205e-01 1.876865000000000006e+00
1.395810000000000106e-01 3.115900000000000336e-01 2.039144999999999985e+00
3.722159999999999913e-01 2.159725000000000117e-01 1.471165000000000056e+00
7.754500000000000282e-02 1.927925000000000055e-01 2.830259999999999998e+00
1.628445000000000031e-01 4.101049999999999973e-01 2.160854999999999748e+00
1.783534999999999981e-01 2.971024999999999916e-01 2.586840000000000028e+00
3.179345000000000088e-01 1.985875000000000279e-01 2.749120000000000008e+00
5.040425000000000599e-01 2.768200000000000105e-01 1.572589999999999932e+00
1.318265000000000131e-01 2.449475000000000124e-01 1.633445000000000036e+00
3.567069999999999963e-01 2.420500000000000151e-01 1.532019999999999937e+00
1.550900000000000056e-01 2.710250000000000159e-01 1.816009999999999902e+00
3.024255000000000138e-01 2.217675000000000063e-01 2.343420000000000059e+00
2.326349999999999946e-02 3.492574999999999985e-01 2.850545000000000329e+00
4.807790000000000119e-01 2.594350000000000267e-01 2.201424999999999965e+00
5.970965000000000300e-01 2.884099999999999997e-01 2.688265000000000349e+00
1.705990000000000006e-01 2.681275000000000186e-01 1.349455000000000071e+00
1.550900000000000022e-02 3.869250000000000189e-01 2.465130000000000265e+00
1.861079999999999957e-01 3.463600000000000012e-01 2.505700000000000038e+00
3.101800000000000113e-01 2.507424999999999793e-01 1.592875000000000041e+00
4.497610000000000219e-01 4.014125000000000054e-01 2.302850000000000286e+00
3.489524999999999988e-01 1.898950000000000082e-01 2.424560000000000048e+00
4.730245000000000144e-01 3.695399999999999796e-01 1.308885000000000076e+00
2.248805000000000109e-01 2.942049999999999943e-01 2.018860000000000099e+00
3.954794999999999838e-01 2.855125000000000024e-01 2.728835000000000122e+00
2.403895000000000060e-01 2.246650000000000036e-01 2.444844999999999935e+00
7.754500000000000108e-03 3.811299999999999688e-01 1.674015000000000031e+00
2.714075000000000237e-01 3.637449999999999850e-01 2.809975000000000112e+00
5.428150000000000336e-02 3.289750000000000174e-01 1.998574999999999990e+00
0.000000000000000000e+00 2.565375000000000294e-01 1.714585000000000026e+00
2.636530000000000262e-01 3.521549999999999958e-01 2.282564999999999955e+00
4.652700000000000169e-01 3.927200000000000135e-01 1.390025000000000066e+00
4.264975000000000294e-01 3.985150000000000081e-01 2.566555000000000142e+00
4.885335000000000094e-01 3.376675000000000093e-01 2.241995000000000182e+00
3.877250000000000141e-02 3.318725000000000147e-01 2.525984999999999925e+00
5.117970000000000574e-01 2.739225000000000132e-01 2.769404999999999895e+00
4.187430000000000319e-01 3.173850000000000282e-01 2.627410000000000245e+00
3.644614999999999938e-01 3.956175000000000108e-01 1.491449999999999942e+00
5.660785000000000400e-01 3.260775000000000201e-01 1.369739999999999958e+00
5.505695000000000450e-01 3.405650000000000066e-01 2.789690000000000225e+00
2.481440000000000035e-01 2.275625000000000009e-01 2.911399999999999988e+00
6.126055000000000250e-01 3.028975000000000417e-01 1.795725000000000016e+00
1.008084999999999953e-01 3.057950000000000390e-01 2.100000000000000089e+00
3.877249999999999863e-01 1.869975000000000109e-01 2.667980000000000018e+00
5.583240000000000425e-01 2.826150000000000051e-01 2.323134999999999728e+00
4.575155000000000194e-01 2.478450000000000097e-01 1.937720000000000109e+00
6.203600000000000086e-02 1.841000000000000136e-01 1.653729999999999922e+00
5.738330000000000375e-01 4.072075000000000000e-01 1.694299999999999917e+00
4.342520000000000269e-01 3.840274999999999661e-01 1.958004999999999995e+00
2.946710000000000163e-01 3.086925000000000363e-01 1.410309999999999953e+00
2.016169999999999907e-01 2.072800000000000198e-01 1.552305000000000046e+00
5.350605000000000500e-01 2.188700000000000090e-01 1.450879999999999947e+00
2.791620000000000212e-01 2.130750000000000144e-01 2.221709999999999852e+00
6.048510000000000275e-01 3.579499999999999904e-01 1.978289999999999882e+00
4.032339999999999813e-01 4.130024999999999946e-01 1.430595000000000061e+00
1.938624999999999932e-01 2.913074999999999970e-01 1.836295000000000011e+00
3.411980000000000013e-01 3.724374999999999769e-01 2.404275000000000162e+00
5.273060000000000525e-01 2.797175000000000078e-01 2.079715000000000202e+00
2.558985000000000287e-01 4.043100000000000027e-01 2.383989999999999831e+00
9.305399999999999783e-02 2.652300000000000213e-01 2.485414999999999708e+00
2.326350000000000084e-01 3.666424999999999823e-01 2.120284999999999975e+00
1.473355000000000081e-01 2.391525000000000178e-01 2.607124999999999915e+00
5.815875000000000350e-01 3.753349999999999742e-01 1.329169999999999963e+00
1.085630000000000067e-01 3.782324999999999715e-01 1.917435000000000000e+00
3.256890000000000063e-01 3.550524999999999931e-01 1.288599999999999968e+00
4.652699999999999891e-02 2.304599999999999982e-01 2.363704999999999945e+00
3.101800000000000043e-02 2.623325000000000240e-01 1.775440000000000129e+00
4.109884999999999788e-01 3.202825000000000255e-01 1.511735000000000051e+00
4.962880000000000069e-01 4.158999999999999919e-01 2.647695000000000132e+00
5.893420000000000325e-01 2.014850000000000252e-01 2.708549999999999791e+00
3.334435000000000038e-01 2.536399999999999766e-01 1.755155000000000021e+00
2.093715000000000159e-01 1.956900000000000028e-01 2.546269999999999811e+00
