1.731237209302325664e-01 2.994609302325581535e-01 2.481169302325581416e+00
3.491328372093023269e-01 3.673837209302325268e-01 2.360402790697674114e+00
4.905172093023255631e-01 1.981158139534883733e-01 1.469749767441860477e+00
1.442697674418604581e-01 3.059297674418604562e-01 2.171705116279069703e+00
3.693306046511627971e-01 3.706181395348837060e-01 1.930172093023255764e+00
5.193711627906976575e-02 3.727744186046511032e-01 2.322663255813953498e+00
4.385800930232558459e-01 3.296488372093023256e-01 1.952815813953488355e+00
1.962068837209302308e-01 3.695399999999999796e-01 2.488717209302325539e+00
4.039553488372093354e-02 2.822106976744185869e-01 1.915076279069767295e+00
0.000000000000000000e+00 3.415083720930232047e-01 2.164157209302325580e+00
1.442697674418604720e-02 2.477102325581395370e-01 1.499941395348837192e+00
4.501216744186046781e-01 2.919139534883720688e-01 2.624579534883721088e+00
6.001622325581394968e-01 3.134767441860465409e-01 1.703734883720930293e+00
1.529259534883720961e-01 2.218348837209302427e-01 2.232088372093023132e+00
5.828498604651163317e-01 3.663055813953488560e-01 2.692510697674418640e+00
7.213488372093022905e-02 3.339613953488371756e-01 2.820825116279070066e+00
3.462474418604651327e-01 1.959595348837209483e-01 2.224540465116279009e+00
1.615821395348837342e-01 3.404302325581395339e-01 1.681091162790697702e+00
5.251419534883721152e-01 3.813995348837209143e-01 2.790633488372093129e+00
1.384989767441860420e-01 2.347725581395349037e-01 2.737798139534883823e+00
2.885395348837209439e-02 4.040404651162790572e-01 2.133965581395348643e+00
1.211866046511627937e-01 2.854451162790697660e-01 2.345306976744185867e+00
5.164857674418604772e-01 3.619930232558139505e-01 1.809405581395348683e+00
3.751013953488371855e-02 4.083530232558139073e-01 1.522585116279069783e+00
4.760902325581395367e-01 3.652274418604650741e-01 2.858564651162790682e+00
4.934026046511628127e-01 1.948813953488372219e-01 2.594387906976744151e+00
3.404766511627906889e-01 3.964934883720929726e-01 2.647223255813953458e+00
1.471551627906976800e-01 2.315381395348837246e-01 2.149061395348837333e+00
3.202788837209302186e-01 1.873344186046511650e-01 2.843468837209302436e+00
1.817799069767441766e-01 3.285706976744185992e-01 1.439558139534883763e+00
9.521804651162790734e-02 3.921809302325581226e-01 1.847145116279069743e+00
2.798833488372093337e-01 2.369288372093023287e-01 2.571744186046511338e+00
3.837575813953488235e-01 3.533679069767441394e-01 1.635803720930232519e+00
4.645486511627907045e-01 3.221018604651162409e-01 1.673543255813953579e+00
4.674340465116278986e-01 3.684618604651162532e-01 2.141513488372092766e+00
1.067596279069767395e-01 3.080860465116279090e-01 1.590516279069767336e+00
4.039553488372092938e-01 2.714293023255813786e-01 1.296147906976744091e+00
3.722159999999999913e-01 4.115874418604650864e-01 1.749022325581395254e+00
3.981845581395349054e-01 4.018841860465116045e-01 2.337759069767441744e+00
1.933214883720930366e-01 2.865232558139534924e-01 2.179253023255813826e+00
5.684228837209301943e-01 2.886795348837209452e-01 2.805729302325581376e+00
4.010699534883720996e-01 2.175223255813953649e-01 2.745346046511627947e+00
4.876318139534883689e-01 4.072748837209302364e-01 2.035842790697674154e+00
5.597666976744186673e-01 2.832888372093023133e-01 1.311243720930232559e+00
4.587778604651162606e-01 2.628041860465116231e-01 2.798181395348837253e+00
5.136003720930232275e-01 3.382739534883720811e-01 1.771666046511627846e+00
1.990922790697674527e-01 3.889465116279069434e-01 1.998103255813953538e+00
5.366835348837208919e-01 2.649604651162790758e-01 2.632127441860465211e+00
2.856541395348837220e-01 3.123986046511627590e-01 1.824501395348837152e+00
3.145080930232558303e-01 3.630711627906976213e-01 2.707606511627907331e+00
4.299239069767442079e-01 3.447427906976744394e-01 1.356531162790697742e+00
6.924948837209302099e-02 2.681948837209302550e-01 1.658447441860465110e+00
2.827687441860465278e-01 2.811325581395348605e-01 1.990555348837209415e+00
5.020587906976744508e-01 3.145548837209302118e-01 2.911399999999999988e+00
7.790567441860465903e-02 2.164441860465116385e-01 1.643351627906976642e+00
2.135192558139534791e-01 2.746637209302325577e-01 1.688639069767441825e+00
3.952991627906976557e-01 2.660386046511628022e-01 2.549100465116278968e+00
3.895283720930232674e-01 3.188674418604651173e-01 2.020746976744185908e+00
2.394878139534883654e-01 1.938032558139534955e-01 2.405690232558139741e+00
5.453397209302325299e-01 3.598367441860464977e-01 1.650899534883720987e+00
5.655374883720930557e-01 3.037734883720930035e-01 2.888756279069767174e+00
4.068407441860465434e-01 2.412413953488372065e-01 2.903852093023255865e+00
4.154969302325581260e-01 2.789762790697674077e-01 1.432010232558139418e+00
4.126115348837209318e-01 3.878683720930232726e-01 1.507489302325581315e+00
4.356946976744185962e-01 3.490553488372092894e-01 2.005651162790697661e+00
6.088184186046511348e-01 3.522897674418604685e-01 1.628255813953488396e+00
1.904360930232558147e-01 2.444758139534883856e-01 1.552776744186046498e+00
5.482251162790698074e-02 3.177893023255813909e-01 1.416914418604651171e+00
5.770790697674418324e-01 2.671167441860465286e-01 1.718830697674418539e+00
6.117038139534883845e-01 3.113204651162790881e-01 2.534004651162790722e+00
6.203600000000000225e-01 3.167111627906976645e-01 2.066034418604651091e+00
3.924137674418604615e-01 2.973046511627907007e-01 2.284923720930232438e+00
5.049441860465115894e-01 3.900246511627906698e-01 1.756570232558139599e+00
2.308316279069767482e-02 2.638823255813953494e-01 2.669866976744185827e+00
8.656186046511627624e-03 1.884125581395348914e-01 1.613159999999999927e+00
2.366024186046511713e-01 1.991939534883720997e-01 2.526456744186046599e+00
1.702383255813953444e-01 3.264144186046511464e-01 1.711282790697674416e+00
4.905172093023255769e-02 2.035065116279069775e-01 1.869788837209302335e+00
2.077484651162790630e-01 3.005390697674418243e-01 2.239636279069767255e+00
4.530070697674418723e-01 2.574134883720929912e-01 2.081130232558139781e+00
5.799644651162790820e-01 3.803213953488371879e-01 2.579292093023255905e+00
2.568001860465116137e-01 3.587586046511627713e-01 2.518908837209302476e+00
2.019776744186046469e-01 3.857120930232558198e-01 1.515037209302325660e+00
5.482251162790697796e-01 3.156330232558139381e-01 1.333887441860465151e+00
1.644675348837209283e-01 2.552572093023255939e-01 2.511360930232558353e+00
1.413843720930232639e-01 3.770869767441860088e-01 2.111321860465116274e+00
1.269573953488372098e-01 2.433976744186046592e-01 1.975459534883720947e+00
9.233265116279069928e-02 2.951483720930232479e-01 1.567872558139534966e+00
3.087373023255813864e-01 3.242581395348836937e-01 2.881208372093023051e+00
5.857352558139534704e-01 3.792432558139534615e-01 1.484845581395348724e+00
3.779867906976744352e-01 2.595697674418604439e-01 2.564196279069767215e+00
5.972768372093023581e-01 2.250693023255813940e-01 2.715154418604651454e+00
1.125304186046511695e-01 2.207567441860465163e-01 2.601935813953488719e+00
3.116226976744186361e-01 3.576804651162790449e-01 2.473621395348837293e+00
4.732048372093023425e-01 2.725074418604651050e-01 1.605612093023255804e+00
4.616632558139534964e-02 3.986497674418604253e-01 2.216992558139534886e+00
3.231642790697674683e-01 2.229130232558139690e-01 2.058486511627906967e+00
4.328093023255814159e-02 4.137437209302325392e-01 2.269827906976744192e+00
4.991733953488372011e-01 2.088972093023255816e-01 1.779213953488372191e+00
2.943103255813953600e-01 3.975716279069767545e-01 2.352854883720929990e+00
3.606744186046511591e-01 2.541790697674418675e-01 1.288599999999999968e+00
4.270385116279069582e-01 2.768200000000000105e-01 2.435881860465116233e+00
1.096450232558139615e-01 2.380069767441860551e-01 1.401818604651162703e+00
3.462474418604651050e-02 2.304599999999999982e-01 2.428333953488372110e+00
3.808721860465116293e-01 1.851781395348837400e-01 2.315115348837209375e+00
2.481440000000000035e-01 3.749306976744185560e-01 1.348983255813953397e+00
3.433620465116279385e-01 4.105093023255813600e-01 2.367950697674418681e+00
3.751013953488372410e-01 2.929920930232557952e-01 1.794309767441860437e+00
8.367646511627907513e-02 3.566023255813953741e-01 2.330211162790697621e+00
2.510293953488372254e-01 3.307269767441860520e-01 1.899980465116279049e+00
5.424543255813953913e-01 3.425865116279069866e-01 2.896304186046511742e+00
1.788945116279069825e-01 2.056627906976744302e-01 1.620707906976744272e+00
1.673529302325581503e-01 2.983827906976744271e-01 2.043390697674418721e+00
1.846653023255813986e-01 2.283037209302325732e-01 1.424462325581395294e+00
4.847464186046511747e-01 2.563353488372093203e-01 1.884884651162790803e+00
4.616632558139535103e-01 2.757418604651162841e-01 2.541552558139534845e+00
2.654563720930232518e-01 2.045846511627907038e-01 2.828373023255814189e+00
2.625709767441860576e-01 2.908358139534883424e-01 2.586840000000000028e+00
1.586967441860465122e-01 1.970376744186046747e-01 2.556648372093023092e+00
2.048630697674418688e-01 1.894906976744186178e-01 1.877336744186046458e+00
5.395689302325581416e-01 3.070079069767441826e-01 1.537680930232558030e+00
5.943914418604651084e-01 2.487883720930232634e-01 1.582968372093023213e+00
2.250608372093023390e-01 1.916469767441860705e-01 2.247184186046511378e+00
5.539959069767441679e-01 2.897576744186046716e-01 2.398142325581395617e+00
5.770790697674418705e-03 2.390851162790697815e-01 2.684962790697674517e+00
6.059330232558139684e-02 3.231800000000000228e-01 1.832049302325581497e+00
2.971957209302325542e-01 2.326162790697674509e-01 1.945267906976744232e+00
3.520182325581395211e-01 3.318051162790697228e-01 2.194348837209302516e+00
4.703194418604651483e-01 3.361176744186046284e-01 1.983007441860465070e+00
3.635598139534883533e-01 3.781651162790697351e-01 2.413238139534883864e+00
1.875506976744186205e-01 3.835558139534883670e-01 1.371626976744185988e+00
2.885395348837209353e-03 4.061967441860464545e-01 1.560324651162790621e+00
4.789756279069767309e-01 2.099753488372093080e-01 2.390594418604651494e+00
6.059330232558139961e-01 3.997279069767441517e-01 2.835920930232558312e+00
7.502027906976743710e-02 2.272255813953488468e-01 1.922624186046511641e+00
3.549036279069767708e-01 3.932590697674418490e-01 1.454653953488372009e+00
2.539147906976744196e-01 3.824776744186046407e-01 2.013199069767441785e+00
2.192900465116279229e-01 3.274925581395348728e-01 2.126417674418604520e+00
4.183823255813953756e-01 2.067409302325581566e-01 2.783085581395348562e+00
2.337170232558139493e-01 3.199455813953487882e-01 2.752893953488372070e+00
4.241531162790697640e-01 2.423195348837209329e-01 2.375498604651162804e+00
3.347058604651163005e-01 3.102423255813953062e-01 1.854693023255813866e+00
3.318204651162790508e-01 4.008060465116278781e-01 2.450977674418604479e+00
1.356135813953488478e-01 3.846339534883720379e-01 1.364079069767441865e+00
6.347869767441860489e-02 3.350395348837209575e-01 2.722702325581395577e+00
2.308316279069767551e-01 3.371958139534883547e-01 2.292471627906977005e+00
3.866429767441860732e-01 2.358506976744186023e-01 2.662319069767441704e+00
1.154158139534883741e-02 2.455539534883721120e-01 2.088678139534883904e+00
9.810344186046511539e-02 2.735855813953488314e-01 1.801857674418604560e+00
4.558924651162790664e-01 3.512116279069767422e-01 2.639675348837209334e+00
4.414654883720930401e-01 3.048516279069767299e-01 1.492393488372093069e+00
2.596855813953488634e-01 3.393520930232558075e-01 2.730250232558139700e+00
5.770790697674418879e-02 3.911027906976743962e-01 2.209444651162790763e+00
5.337981395348837532e-01 2.024283720930232788e-01 2.700058604651162764e+00
5.222565581395348655e-01 2.466320930232558106e-01 2.186800930232558393e+00
1.731237209302325525e-02 3.555241860465115922e-01 2.496265116279070106e+00
4.818610232558139805e-01 4.148218604651162655e-01 1.477297674418604601e+00
5.511105116279070293e-01 1.841000000000000136e-01 1.326339534883720805e+00
8.079106976744186708e-02 3.091641860465116354e-01 2.277375813953488315e+00
5.741936744186046937e-01 3.943372093023255198e-01 2.851016744186046559e+00
1.009888372093023234e-01 2.584916279069767731e-01 1.545228837209302375e+00
5.280273488372093649e-01 2.876013953488372188e-01 2.383046511627906927e+00
3.375912558139534947e-01 2.121316279069767607e-01 2.073582325581395214e+00
2.423732093023255874e-01 2.531009302325581412e-01 2.096226046511628027e+00
3.173934883720930245e-01 2.078190697674418552e-01 2.617031627906976965e+00
1.558113488372093181e-01 3.501334883720930158e-01 2.050938604651162844e+00
4.443508837209302342e-01 2.703511627906977077e-01 2.262280000000000069e+00
5.568813023255814176e-01 3.328832558139535047e-01 2.443429767441860356e+00
8.656186046511628318e-02 3.026953488372092771e-01 1.960363720930232478e+00
3.029665116279069981e-01 4.029623255813953309e-01 2.503813023255814230e+00
2.914249302325581659e-01 4.094311627906976891e-01 2.254732093023255945e+00
2.885395348837209162e-01 2.692730232558139258e-01 1.341435348837209274e+00
2.106338604651162849e-01 3.641493023255814032e-01 2.118869767441860397e+00
5.915060465116279698e-01 2.778981395348837369e-01 2.458525581395348603e+00
1.154158139534883776e-01 3.479772093023255630e-01 1.447106046511627886e+00
5.713082790697674440e-01 3.468990697674418366e-01 2.028294883720930031e+00
3.260496744186046625e-01 2.142879069767441857e-01 2.767989767441860316e+00
1.183012093023255856e-01 2.132097674418604871e-01 1.303695813953488436e+00
2.019776744186046677e-02 2.002720930232558261e-01 1.665995348837209233e+00
2.164046511627907010e-01 1.862562790697674664e-01 1.379174883720930112e+00
6.636409302325581294e-02 2.800544186046511896e-01 2.466073488372092726e+00
2.769979534883720840e-01 3.436646511627906575e-01 2.813277209302325943e+00
5.078295813953488391e-01 4.051186046511627836e-01 1.892432558139534926e+00
3.664452093023256030e-01 3.716962790697674324e-01 1.816953488372093029e+00
3.000811162790697484e-01 2.401632558139534801e-01 2.866112558139534805e+00
2.221754418604651171e-01 3.458209302325581103e-01 1.386722790697674457e+00
5.886206511627907201e-01 1.905688372093023442e-01 1.907528372093023172e+00
2.712271627906976956e-01 2.239911627906976954e-01 1.839597209302325620e+00
2.596855813953488287e-02 2.110534883720930344e-01 1.318791627906976682e+00
1.298427906976744317e-01 3.016172093023256062e-01 1.575420465116279090e+00
5.309127441860465035e-01 2.196786046511627899e-01 1.394270697674418580e+00
8.944725581395349123e-02 3.253362790697674201e-01 2.300019534883721128e+00
5.193711627906977268e-01 2.606479069767441703e-01 2.201896744186046639e+00
2.741125581395348898e-01 4.126655813953488128e-01 2.873660465116278928e+00
4.962880000000000069e-01 2.940702325581395216e-01 1.937720000000000109e+00
5.107149767441860888e-01 1.927251162790697692e-01 2.609483720930232842e+00
1.240720000000000017e-01 2.962265116279069743e-01 2.775537674418604439e+00
6.174746046511627728e-01 3.210237209302325700e-01 1.409366511627907048e+00
4.097261395348837376e-01 2.261474418604651204e-01 1.462201860465116354e+00
1.327281860465116259e-01 2.498665116279069620e-01 1.726378604651162885e+00
6.145892093023256342e-01 3.609148837209302241e-01 2.654771162790697581e+00
3.173934883720930245e-02 3.544460465116279213e-01 2.677414883720929950e+00
5.626520930232558060e-01 2.617260465116278967e-01 2.420786046511627987e+00
2.683417674418604459e-01 4.158999999999999919e-01 2.103773953488372150e+00
2.452586046511627815e-01 3.738525581395348851e-01 1.733926511627907008e+00
6.030476279069767465e-01 2.843669767441860396e-01 2.307567441860465252e+00
4.328093023255814020e-01 2.293818604651162718e-01 1.530133023255813907e+00
3.058519069767441922e-01 2.520227906976744148e-01 2.760441860465116193e+00
1.760091162790697605e-01 2.509446511627906884e-01 1.696186976744185948e+00
3.577890232558139649e-01 2.186004651162790635e-01 2.156609302325581456e+00
4.472362790697674284e-01 3.867902325581394907e-01 1.967911627906976602e+00
1.500405581395348742e-01 2.013502325581395525e-01 1.598064186046511681e+00
1.038742325581395315e-01 3.954153488372093017e-01 1.764118139534883722e+00
4.212677209302325698e-01 3.760088372093023379e-01 1.741474418604651131e+00
2.279462325581395332e-01 2.336944186046511773e-01 1.786761860465116314e+00
3.289350697674418567e-01 2.153660465116279121e-01 1.862240930232557989e+00
