1.025388429752066288e-01 3.114942148760330154e-01 2.690109090909091005e+00
3.845206611570248234e-01 4.034479338842975049e-01 2.200586776859504212e+00
5.408923966942149608e-01 2.233719008264462846e-01 2.019530578512396701e+00
3.255608264462810375e-01 2.856322314049586919e-01 2.562699173553719234e+00
3.665763636363637001e-01 2.530652892561983669e-01 2.669991735537189825e+00
3.845206611570248234e-02 3.067049586776859349e-01 1.382480991735537179e+00
4.742421487603306063e-01 3.210727272727272874e-01 2.032942148760330525e+00
2.384028099173554072e-01 2.521074380165289064e-01 1.576948760330578514e+00
3.845206611570248234e-01 2.396553719008264471e-01 1.288599999999999968e+00
4.870595041322314800e-01 3.057471074380165299e-01 1.945766942148760226e+00
3.793937190082645183e-01 2.885057851239669624e-01 2.401760330578512459e+00
5.306385123966942396e-01 3.938694214876032884e-01 1.644006611570247856e+00
5.537097520661157235e-01 2.166669421487603386e-01 1.872003305785123972e+00
2.742914049586777092e-01 2.990421487603305839e-01 1.892120661157024930e+00
1.973872727272727445e-01 4.044057851239669654e-01 2.569404958677686146e+00
6.126695867768595649e-01 2.463603305785123931e-01 1.644006611570247856e+00
5.152576859504133244e-01 2.482760330578512309e-01 2.140234710743801561e+00
1.896968595041322592e-01 1.936785123966942301e-01 2.851047933884297336e+00
4.921864462809917851e-01 3.086206611570248004e-01 1.583654545454545426e+00
4.870595041322314800e-01 2.109198347107438254e-01 2.555993388429752322e+00
4.101553719008264876e-02 4.034479338842975049e-01 2.502347107438016582e+00
3.460685950413223688e-01 2.865900826446280969e-01 1.342246280991735485e+00
4.973133884297520901e-01 3.057471074380165299e-01 1.442833057851239609e+00
2.460932231404958925e-01 2.779694214876032854e-01 1.322128925619834749e+00
2.563471074380165547e-03 2.214561983471074469e-01 2.274350413223140244e+00
5.178211570247934770e-01 3.287355371900826384e-01 1.939061157024793314e+00
2.640375206611570436e-01 3.603446280991735584e-01 2.723638016528925565e+00
3.281242975206611900e-01 3.363983471074379894e-01 2.475523966942148490e+00
1.486813223140495965e-01 3.727966942148760454e-01 2.455406611570247755e+00
5.255115702479339346e-01 2.971264462809917184e-01 1.912238016528925666e+00
4.101553719008264876e-02 3.804595041322313964e-01 2.609639669421487618e+00
4.101553719008264876e-02 2.310347107438016634e-01 1.804945454545454631e+00
3.845206611570248234e-01 4.005743801652892344e-01 2.106705785123967001e+00
4.973133884297520901e-01 4.053636363636363704e-01 1.375775206611570267e+00
5.665271074380165972e-01 3.220305785123966924e-01 2.515758677685950406e+00
3.358147107438017032e-01 3.325669421487603139e-01 2.468818181818181579e+00
1.333004958677685980e-01 3.871644628099173424e-01 1.731181818181818155e+00
2.999261157024793456e-01 3.747123966942148554e-01 2.421877685950413195e+00
5.024403305785124507e-01 4.130264462809917214e-01 2.361525619834710987e+00
9.997537190082646241e-02 3.909958677685950179e-01 1.302011570247933792e+00
2.512201652892562254e-01 3.354404958677685844e-01 1.409304132231404827e+00
3.845206611570248234e-01 2.185826446280991764e-01 2.334702479338842895e+00
5.178211570247934770e-01 3.440611570247933959e-01 1.677535537190082637e+00
2.742914049586777092e-01 1.927206611570247974e-01 2.649874380165289089e+00
1.666256198347107476e-01 4.063214876033057754e-01 1.288599999999999968e+00
3.717033057851240052e-01 2.932950413223140429e-01 2.844342148760330424e+00
2.384028099173554072e-01 2.157090909090909059e-01 2.133528925619834649e+00
6.203600000000000225e-01 3.938694214876032884e-01 2.830930578512396600e+00
2.512201652892562254e-01 3.038314049586776644e-01 1.986001652892561919e+00
1.512447933884297768e-01 4.053636363636363704e-01 2.763872727272727481e+00
1.973872727272727445e-01 2.980842975206611234e-01 2.830930578512396600e+00
4.665517355371901487e-01 3.258619834710743679e-01 2.301173553719008336e+00
5.947252892561983861e-01 3.086206611570248004e-01 1.449538842975206521e+00
5.050038016528926033e-01 3.909958677685950179e-01 2.247527272727272596e+00
5.075672727272727558e-01 2.530652892561983669e-01 1.644006611570247856e+00
1.025388429752066288e-01 3.881223140495867474e-01 1.610477685950413296e+00
4.357900826446281517e-01 3.881223140495867474e-01 2.750461157024793657e+00
2.204585123966942284e-01 3.718388429752066404e-01 2.797401652892562041e+00
1.179196694214876134e-01 2.463603305785123931e-01 1.992707438016529053e+00
5.255115702479339346e-01 3.306512396694214484e-01 2.448700826446280843e+00
5.383289256198348083e-01 3.249041322314049629e-01 2.227409917355371860e+00
2.896722314049586799e-01 3.402297520661157204e-01 2.656580165289256001e+00
4.896229752066116325e-01 3.986586776859504244e-01 2.287761983471074512e+00
2.153315702479338956e-01 2.808429752066115559e-01 2.146940495867768472e+00
4.537343801652892750e-01 3.249041322314049629e-01 1.918943801652892578e+00
5.562732231404958760e-01 2.291190082644628256e-01 2.790695867768595129e+00
5.126942148760331094e-03 2.195404958677686091e-01 2.207292561983471124e+00
7.946760330578513110e-02 4.044057851239669654e-01 2.830930578512396600e+00
4.537343801652892750e-01 2.636016528925619884e-01 2.462112396694214667e+00
5.126942148760331094e-03 3.114942148760330154e-01 2.260938842975206420e+00
3.896476033057851840e-01 1.984677685950413384e-01 1.758004958677685803e+00
9.484842975206612958e-02 2.683909090909091244e-01 2.240821487603305684e+00
6.152330578512397313e-02 2.875479338842975019e-01 2.911399999999999988e+00
2.230219834710744087e-01 1.888892561983471219e-01 1.804945454545454631e+00
2.025142148760330774e-01 1.936785123966942301e-01 2.824224793388429688e+00
2.640375206611570436e-01 2.789272727272727459e-01 1.563537190082644468e+00
1.717525619834710804e-01 4.072793388429751804e-01 2.260938842975206420e+00
2.947991735537190405e-01 3.086206611570248004e-01 2.676697520661156737e+00
7.946760330578513110e-02 2.511495867768595014e-01 2.529170247933884230e+00
2.589105785123967385e-01 2.243297520661157174e-01 1.623889256198347120e+00
3.588859504132231870e-01 2.090041322314049599e-01 1.677535537190082637e+00
3.076165289256198587e-01 3.727966942148760454e-01 2.783990082644628217e+00
6.921371900826446544e-02 2.530652892561983669e-01 1.664123966942148813e+00
2.717279338842975567e-01 3.756702479338842604e-01 1.328834710743801661e+00
4.742421487603306063e-01 1.965520661157025006e-01 2.348114049586777163e+00
5.255115702479339346e-01 2.109198347107438254e-01 2.281056198347107156e+00
1.717525619834710804e-01 3.249041322314049629e-01 2.207292561983471124e+00
2.178950413223140758e-01 2.003834710743801761e-01 2.019530578512396701e+00
2.204585123966942284e-01 2.846743801652892314e-01 1.590360330578512338e+00
5.280750413223140871e-01 3.929115702479338834e-01 2.750461157024793657e+00
5.178211570247934770e-01 2.923371900826446379e-01 2.515758677685950406e+00
1.384274380165289309e-01 3.392719008264463154e-01 2.046353719008264349e+00
1.025388429752066219e-02 2.080462809917355549e-01 1.825062809917355366e+00
1.512447933884297768e-01 3.277776859504132334e-01 2.710226446280991741e+00
6.177965289256198700e-01 2.204983471074380419e-01 2.656580165289256001e+00
6.152330578512397175e-01 3.823752066115702064e-01 1.556831404958677556e+00
1.922603305785124117e-01 2.013413223140496089e-01 1.389186776859504091e+00
3.435051239669421608e-01 1.917628099173553924e-01 2.448700826446280843e+00
2.819818181818182015e-02 3.660917355371900994e-01 2.267644628099173332e+00
4.434804958677686648e-01 3.737545454545454504e-01 1.496479338842975126e+00
1.589352066115702622e-01 2.712644628099173394e-01 1.737887603305785067e+00
3.050530578512397062e-01 3.277776859504132334e-01 2.857753719008264248e+00
5.126942148760331094e-03 3.613024793388429634e-01 2.857753719008264248e+00
6.024157024793389548e-01 3.977008264462810194e-01 1.530008264462809908e+00
5.716540495867769023e-01 3.967429752066115589e-01 1.322128925619834749e+00
2.819818181818182223e-01 2.233719008264462846e-01 2.321290909090909071e+00
8.203107438016529751e-02 4.053636363636363704e-01 2.126823140495867737e+00
1.307370247933884455e-01 3.680074380165289094e-01 2.227409917355371860e+00
2.999261157024793456e-01 3.210727272727272874e-01 1.684241322314049549e+00
2.255854545454545612e-01 2.875479338842975019e-01 2.354819834710744075e+00
5.126942148760331441e-02 2.636016528925619884e-01 1.409304132231404827e+00
2.332758677685950743e-01 1.946363636363636629e-01 1.536714049586776820e+00
4.075919008264463073e-01 1.898471074380165546e-01 1.322128925619834749e+00
2.255854545454545612e-01 3.823752066115702064e-01 1.945766942148760226e+00
1.589352066115702622e-01 2.463603305785123931e-01 1.503185123966942038e+00
1.307370247933884455e-01 3.699231404958677194e-01 1.744593388429751979e+00
1.538082644628099294e-01 4.111107438016529114e-01 1.737887603305785067e+00
2.127680991735537430e-01 3.488504132231404764e-01 2.361525619834710987e+00
5.383289256198347389e-02 3.785438016528925864e-01 2.408466115702479371e+00
3.973380165289256416e-01 3.680074380165289094e-01 2.515758677685950406e+00
5.844714049586777760e-01 3.680074380165289094e-01 1.342246280991735485e+00
3.973380165289256416e-01 1.888892561983471219e-01 2.247527272727272596e+00
3.383781818181818557e-01 4.072793388429751804e-01 2.656580165289256001e+00
7.946760330578513110e-02 2.281611570247933929e-01 1.288599999999999968e+00
4.921864462809917851e-01 3.488504132231404764e-01 1.717770247933884331e+00
1.794429752066115796e-02 1.936785123966942301e-01 2.314585123966942160e+00
3.614494214876033396e-01 3.229884297520660974e-01 2.663285950413222913e+00
6.152330578512397313e-02 2.578545454545454474e-01 2.307879338842975248e+00
5.870348760330579285e-01 3.929115702479338834e-01 2.053059504132231261e+00
2.255854545454545612e-01 1.888892561983471219e-01 2.053059504132231261e+00
1.640621487603305950e-01 2.319925619834710684e-01 2.844342148760330424e+00
5.255115702479339346e-01 3.478925619834710714e-01 2.026236363636363613e+00
4.280996694214876386e-01 2.952107438016529084e-01 1.590360330578512338e+00
1.512447933884297768e-01 3.536396694214876124e-01 2.750461157024793657e+00
3.024895867768595537e-01 3.373561983471073944e-01 2.381642975206611723e+00
1.512447933884297768e-01 3.191570247933884219e-01 2.240821487603305684e+00
1.358639669421487783e-01 2.990421487603305839e-01 1.717770247933884331e+00
5.434558677685951134e-01 4.120685950413223164e-01 1.610477685950413296e+00
1.948238016528925920e-01 3.680074380165289094e-01 1.677535537190082637e+00
4.716786776859504537e-01 1.917628099173553924e-01 1.489773553719008214e+00
5.255115702479339346e-01 1.965520661157025006e-01 2.066471074380165085e+00
3.717033057851240052e-01 3.632181818181817734e-01 2.482229752066115402e+00
1.230466115702479463e-01 2.770115702479338804e-01 1.462950413223140345e+00
5.895983471074380672e-02 3.143677685950413414e-01 1.778122314049586761e+00
3.640128925619834921e-01 2.013413223140496089e-01 2.488935537190082314e+00
6.024157024793389548e-01 3.555553719008264224e-01 1.295305785123966880e+00
4.332266115702479992e-01 2.530652892561983669e-01 2.509052892561983494e+00
3.768302479338843103e-01 2.482760330578512309e-01 1.758004958677685803e+00
4.819325619834711194e-01 3.143677685950413414e-01 2.200586776859504212e+00
1.333004958677685980e-01 3.574710743801652879e-01 2.167057851239669652e+00
2.127680991735537430e-01 3.708809917355371799e-01 1.791533884297520807e+00
3.691398347107438527e-01 3.086206611570248004e-01 2.267644628099173332e+00
5.357654545454545447e-01 2.051727272727272844e-01 1.758004958677685803e+00
1.999507438016529248e-01 3.325669421487603139e-01 1.992707438016529053e+00
4.511709090909091224e-01 2.224140495867768519e-01 1.858591735537189926e+00
3.896476033057851840e-01 3.909958677685950179e-01 2.549287603305785410e+00
2.717279338842975567e-01 3.795016528925619914e-01 2.716932231404958653e+00
1.076657851239669478e-01 2.511495867768595014e-01 2.475523966942148490e+00
2.178950413223140758e-01 3.660917355371900994e-01 1.972590082644628096e+00
1.307370247933884455e-01 3.306512396694214484e-01 1.395892561983471003e+00
5.357654545454545447e-01 2.233719008264462846e-01 1.650712396694214767e+00
6.665024793388429902e-02 2.166669421487603386e-01 2.777284297520661305e+00
1.973872727272727445e-01 2.942528925619835034e-01 2.683403305785123649e+00
5.690905785123967497e-01 3.440611570247933959e-01 2.421877685950413195e+00
1.538082644628099294e-01 4.149421487603305314e-01 1.945766942148760226e+00
2.640375206611570436e-01 3.354404958677685844e-01 1.798239669421487719e+00
1.512447933884297768e-01 2.195404958677686091e-01 2.475523966942148490e+00
3.127434710743802193e-01 2.597702479338843129e-01 1.657418181818181679e+00
2.307123966942148940e-01 3.718388429752066404e-01 2.374937190082644811e+00
1.768795041322314132e-01 3.478925619834710714e-01 1.348952066115702397e+00
3.255608264462810375e-01 2.319925619834710684e-01 1.965884297520661184e+00
4.127188429752066678e-01 3.229884297520660974e-01 2.146940495867768472e+00
2.563471074380165721e-02 2.559388429752066374e-01 2.602933884297520706e+00
3.255608264462810375e-01 2.386975206611570144e-01 2.897988429752066164e+00
2.332758677685950743e-01 3.114942148760330154e-01 2.039647933884297437e+00
2.871087603305785274e-01 3.890801652892561524e-01 1.456244628099173433e+00
2.486566942148760451e-01 3.306512396694214484e-01 1.389186776859504091e+00
5.639636363636364030e-02 4.149421487603305314e-01 1.335540495867768573e+00
2.922357024793388880e-01 2.463603305785123931e-01 2.582816528925619970e+00
2.947991735537190405e-01 2.827586776859504214e-01 2.140234710743801561e+00
5.844714049586777760e-01 3.134099173553719364e-01 1.536714049586776820e+00
3.947745454545454891e-01 1.936785123966942301e-01 1.617183471074380208e+00
4.614247933884297881e-01 2.779694214876032854e-01 1.952472727272727138e+00
3.845206611570248234e-02 2.272033057851239879e-01 2.039647933884297437e+00
3.896476033057851840e-01 3.536396694214876124e-01 1.992707438016529053e+00
3.563224793388430345e-01 1.994256198347107434e-01 1.328834710743801661e+00
3.614494214876033396e-01 4.158999999999999919e-01 2.140234710743801561e+00
3.409416528925620082e-01 2.894636363636363674e-01 2.408466115702479371e+00
4.947499173553719376e-01 4.091950413223140459e-01 2.146940495867768472e+00
3.409416528925620082e-01 2.243297520661157174e-01 2.334702479338842895e+00
6.152330578512397175e-01 2.147512396694215009e-01 2.408466115702479371e+00
2.691644628099174041e-01 2.310347107438016634e-01 1.583654545454545426e+00
1.409909090909091112e-01 3.957851239669420984e-01 1.657418181818181679e+00
1.435543801652892637e-01 4.063214876033057754e-01 2.455406611570247755e+00
1.281735537190082860e-02 2.549809917355371769e-01 2.737049586776859833e+00
1.281735537190082652e-01 2.693487603305785294e-01 1.530008264462809908e+00
2.204585123966942284e-01 2.396553719008264471e-01 1.878709090909090884e+00
1.409909090909091112e-01 2.626438016528925834e-01 1.952472727272727138e+00
1.102292561983471142e-01 3.019157024793388544e-01 2.395054545454545547e+00
5.665271074380165972e-01 3.450190082644628009e-01 2.361525619834710987e+00
5.408923966942149608e-01 2.664752066115702589e-01 2.408466115702479371e+00
2.794183471074380698e-01 2.090041322314049599e-01 2.254233057851239508e+00
4.383535537190083042e-01 2.377396694214876094e-01 1.570242975206611602e+00
2.435297520661157400e-01 3.545975206611570174e-01 1.664123966942148813e+00
1.281735537190082860e-02 2.568966942148760424e-01 1.731181818181818155e+00
5.614001652892562921e-01 4.072793388429751804e-01 2.374937190082644811e+00
2.050776859504132577e-01 3.689652892561983144e-01 1.623889256198347120e+00
1.768795041322314132e-01 2.999999999999999889e-01 2.810813223140495865e+00
6.101061157024794124e-01 2.463603305785123931e-01 2.207292561983471124e+00
5.639636363636364447e-01 3.038314049586776644e-01 2.374937190082644811e+00
2.589105785123967385e-01 3.162834710743801514e-01 2.636462809917355266e+00
1.820064462809917460e-01 3.373561983471073944e-01 2.730343801652892477e+00
9.741190082644629600e-02 2.865900826446280969e-01 2.555993388429752322e+00
2.794183471074380698e-01 3.478925619834710714e-01 2.884576859504132340e+00
3.588859504132231870e-01 3.239462809917355024e-01 2.529170247933884230e+00
4.460439669421488174e-01 4.111107438016529114e-01 1.751299173553718891e+00
2.999261157024793456e-01 2.636016528925619884e-01 1.422715702479338873e+00
4.896229752066116325e-01 2.741380165289256099e-01 1.657418181818181679e+00
5.895983471074380672e-02 3.565132231404958274e-01 1.469656198347107479e+00
1.333004958677685980e-01 2.750958677685950704e-01 1.986001652892561919e+00
3.922110743801653365e-01 2.272033057851239879e-01 2.193880991735537300e+00
5.947252892561983861e-01 2.454024793388429881e-01 1.308717355371900704e+00
3.691398347107438527e-01 2.281611570247933929e-01 2.260938842975206420e+00
4.075919008264463073e-01 2.128355371900826631e-01 2.294467768595041424e+00
9.997537190082646241e-02 4.053636363636363704e-01 1.905532231404958754e+00
1.409909090909091112e-01 2.406132231404958799e-01 2.790695867768595129e+00
5.050038016528926033e-01 2.645595041322313934e-01 1.905532231404958754e+00
3.896476033057851840e-01 3.421454545454545304e-01 2.274350413223140244e+00
5.998522314049586912e-01 2.932950413223140429e-01 2.059765289256198173e+00
4.357900826446281517e-01 2.358239669421487716e-01 2.079882644628098909e+00
1.666256198347107476e-01 4.044057851239669654e-01 1.744593388429751979e+00
3.076165289256198587e-01 2.358239669421487716e-01 2.167057851239669652e+00
5.690905785123967497e-01 3.201148760330578824e-01 2.509052892561983494e+00
1.512447933884297768e-01 2.568966942148760424e-01 2.388348760330578635e+00
1.948238016528925920e-01 2.262454545454545551e-01 2.301173553719008336e+00
3.076165289256198587e-01 3.258619834710743679e-01 2.830930578512396600e+00
5.921618181818182336e-01 3.421454545454545304e-01 2.488935537190082314e+00
6.921371900826446544e-02 2.358239669421487716e-01 2.462112396694214667e+00
4.434804958677686648e-01 2.319925619834710684e-01 2.294467768595041424e+00
2.332758677685950743e-01 3.373561983471073944e-01 2.032942148760330525e+00
1.153561983471074470e-01 2.511495867768595014e-01 1.778122314049586761e+00
4.357900826446281517e-02 2.616859504132231784e-01 2.314585123966942160e+00
2.819818181818182223e-01 3.181991735537190169e-01 2.569404958677686146e+00
