1.022571428571428659e-01 3.117810439560439462e-01 2.686258791208791408e+00
3.834642857142857575e-01 4.034821428571428448e-01 2.198081318681318841e+00
5.394064285714286200e-01 2.239008241758241868e-01 2.021980769230768971e+00
3.263707142857142918e-01 2.853532967032966772e-01 2.559198901098901135e+00
3.672735714285714770e-01 2.535126373626373497e-01 2.670654945054945273e+00
4.005071428571428671e-02 3.066865384615384826e-01 1.384452197802197748e+00
4.737914285714285856e-01 3.206964285714285490e-01 2.030897252747252857e+00
2.386000000000000065e-01 2.522390109890110255e-01 1.580614835164835252e+00
3.834642857142857575e-01 2.395027472527472556e-01 1.288599999999999968e+00
4.857214285714285817e-01 3.060497252747252928e-01 1.946190659340659490e+00
3.800557142857143300e-01 2.885373626373626266e-01 2.398702197802197844e+00
5.300328571428571944e-01 3.936115384615384571e-01 1.647488461538461513e+00
5.538928571428571868e-01 2.165774725274725310e-01 1.870400549450549565e+00
2.752421428571428796e-01 2.990447802197802041e-01 1.894920879120879142e+00
1.985492857142857337e-01 4.041189560439560347e-01 2.568115384615384578e+00
6.126907142857143107e-01 2.465076923076923165e-01 1.645259340659340541e+00
5.138421428571429139e-01 2.487365384615384811e-01 2.142353296703296550e+00
1.900278571428571650e-01 1.942890109890109962e-01 2.851213736263736198e+00
4.916864285714285798e-01 3.089153846153845917e-01 1.582843956043956002e+00
4.857214285714285817e-01 2.108461538461538498e-01 2.552511538461538443e+00
4.260714285714285732e-02 4.031637362637362498e-01 2.503470879120879289e+00
3.451178571428571429e-01 2.863085164835165175e-01 1.346557142857142786e+00
4.976514285714285779e-01 3.060497252747252928e-01 1.442409340659340566e+00
2.454171428571428615e-01 2.780299450549450491e-01 1.324265934065933958e+00
2.556428571428571474e-03 2.216719780219780223e-01 2.271642307692307572e+00
5.172507142857143414e-01 3.289750000000000174e-01 1.939503296703296797e+00
2.633121428571428835e-01 3.598604395604395600e-01 2.719695604395604427e+00
3.280750000000000055e-01 3.359799450549450506e-01 2.472263186813187019e+00
1.499771428571428644e-01 3.729151098901098971e-01 2.454430219780219691e+00
5.257721428571429101e-01 2.974527472527472849e-01 1.912753846153846027e+00
4.090285714285714358e-02 3.805568681318681201e-01 2.608239560439560734e+00
4.260714285714285732e-02 2.312241758241758149e-01 1.803526923076923083e+00
3.843164285714286144e-01 4.002980769230769509e-01 2.106687362637362781e+00
4.959471428571428642e-01 4.050741758241758195e-01 1.377764835164835056e+00
5.658228571428571829e-01 3.222884615384615237e-01 2.512387362637362731e+00
3.365964285714285742e-01 3.327958791208791567e-01 2.465575824175823882e+00
1.337864285714285839e-01 3.866065934065934240e-01 1.732195054945054880e+00
2.999542857142857288e-01 3.745071428571428163e-01 2.423222527472527421e+00
5.027642857142857746e-01 4.123975274725274476e-01 2.360807142857142882e+00
1.005528571428571522e-01 3.910642857142856976e-01 1.301974725274725131e+00
2.513821428571428873e-01 3.350247252747252658e-01 1.408972527472527547e+00
3.851685714285714712e-01 2.184879120879121006e-01 2.331828571428571362e+00
5.163985714285714845e-01 3.442585164835164635e-01 1.678696153846153782e+00
2.735378571428571659e-01 1.930153846153846164e-01 2.650592857142857195e+00
1.661678571428571449e-01 4.063478021978021992e-01 1.290829120879120939e+00
3.706821428571429045e-01 2.933134615384615507e-01 2.844526373626373505e+00
2.394521428571428634e-01 2.162590659340659360e-01 2.131207692307692358e+00
6.186557142857143088e-01 3.939299450549450521e-01 2.831151648351648120e+00
2.522342857142857442e-01 3.041392857142857231e-01 1.984085714285714230e+00
1.525335714285714350e-01 4.053925824175824144e-01 2.759819780219780139e+00
1.985492857142857337e-01 2.977711538461538243e-01 2.826693406593406621e+00
4.652700000000000169e-01 3.254725274725274731e-01 2.298391758241758343e+00
5.947957142857143165e-01 3.085969780219780523e-01 1.451325824175824231e+00
5.053207142857143452e-01 3.910642857142856976e-01 2.244892857142857245e+00
5.078771428571429158e-01 2.535126373626373497e-01 1.643030219780219792e+00
1.022571428571428659e-01 3.878802197802198037e-01 1.614051648351648272e+00
4.345928571428571696e-01 3.881986263736263432e-01 2.746445054945055197e+00
2.207050000000000123e-01 3.719598901098901123e-01 2.795485714285714351e+00
1.184478571428571464e-01 2.468260989010989115e-01 1.993002197802197895e+00
5.249200000000000532e-01 3.305670329670329366e-01 2.449971978021977748e+00
5.377021428571429063e-01 3.251541208791208781e-01 2.229289010989011111e+00
2.897285714285714464e-01 3.401192307692307848e-01 2.655051098901099138e+00
4.891300000000000092e-01 3.987060439560439207e-01 2.287246153846153707e+00
2.164442857142857279e-01 2.805771978021978086e-01 2.146811538461538493e+00
4.541921428571428776e-01 3.248357142857142832e-01 1.919441208791208719e+00
5.555971428571429005e-01 2.289953296703296781e-01 2.786569230769230465e+00
5.965000000000000684e-03 2.194431318681318854e-01 2.204768681318681089e+00
8.095357142857143029e-02 4.044373626373626296e-01 2.831151648351648120e+00
4.541921428571428776e-01 2.637016483516483323e-01 2.461117582417582383e+00
5.112857142857142947e-03 3.117810439560439462e-01 2.258267582417582631e+00
3.894292857142857556e-01 1.990651098901098925e-01 1.758944505494505428e+00
9.458785714285715407e-02 2.687961538461538513e-01 2.240434615384615302e+00
6.305857142857143605e-02 2.875821428571428418e-01 2.906941758241758045e+00
2.224092857142857260e-01 1.888760989010989100e-01 1.805756043956043833e+00
2.019578571428571612e-01 1.942890109890109962e-01 2.820006043956043928e+00
2.641642857142857403e-01 2.789851648351648339e-01 1.562781868131868146e+00
1.721328571428571430e-01 4.073030219780219285e-01 2.262725824175824130e+00
2.939892857142857308e-01 3.089153846153845917e-01 2.677342307692307521e+00
8.095357142857143029e-02 2.512837912087911851e-01 2.530220329670329615e+00
2.590514285714285991e-01 2.245376373626373767e-01 1.627426373626373657e+00
3.596042857142857097e-01 2.092541208791208751e-01 1.680925274725274754e+00
3.084757142857142975e-01 3.729151098901098971e-01 2.784340109890109716e+00
6.987571428571429100e-02 2.531942307692307548e-01 1.665321428571428619e+00
2.726857142857143090e-01 3.757807692307691960e-01 1.330953296703296651e+00
4.737914285714285856e-01 1.965178571428571608e-01 2.347432417582417497e+00
5.257721428571429101e-01 2.111645604395604447e-01 2.278329670329670265e+00
1.712807142857142861e-01 3.248357142857142832e-01 2.206997802197802283e+00
2.172964285714285848e-01 2.003387362637362723e-01 2.021980769230768971e+00
2.198528571428571554e-01 2.843980769230769479e-01 1.589531318681318695e+00
5.274764285714286238e-01 3.929747252747252673e-01 2.750903296703296697e+00
5.181028571428571983e-01 2.923582417582417659e-01 2.514616483516483481e+00
1.380471428571428683e-01 3.388456043956044050e-01 2.048730219780219741e+00
1.022571428571428589e-02 2.082989010989011180e-01 1.828047252747252660e+00
1.525335714285714350e-01 3.277013736263736376e-01 2.708549999999999791e+00
6.178035714285714519e-01 2.210351648351648324e-01 2.655051098901099138e+00
6.135428571428571676e-01 3.818304945054944999e-01 1.560552747252747174e+00
1.934364285714285925e-01 2.012939560439560571e-01 1.391139560439560441e+00
3.425614285714285723e-01 1.917417582417582644e-01 2.445513736263736249e+00
2.897285714285714395e-02 3.662285714285714588e-01 2.264954945054944879e+00
4.431142857142857383e-01 3.738703296703296264e-01 1.495908241758241664e+00
1.584985714285714331e-01 2.716618131868132058e-01 1.741111538461538544e+00
3.042150000000000132e-01 3.277013736263736376e-01 2.853442857142857392e+00
5.965000000000000684e-03 3.614524725274724792e-01 2.857901098901098891e+00
6.016128571428571714e-01 3.974324175824175409e-01 1.531574175824175876e+00
5.700835714285714673e-01 3.967956043956043510e-01 1.322036813186813209e+00
2.820592857142857346e-01 2.232640109890109970e-01 2.318453846153846420e+00
8.180571428571428716e-02 4.053925824175824144e-01 2.126749450549450415e+00
1.303778571428571564e-01 3.675021978021977831e-01 2.224830769230769167e+00
3.008064285714285857e-01 3.210148351648351994e-01 1.685383516483516475e+00
2.266700000000000104e-01 2.875821428571428418e-01 2.354119780219780189e+00
5.283285714285714668e-02 2.633832417582417929e-01 1.411201648351648297e+00
2.343392857142857222e-01 1.946074175824175911e-01 1.536032417582417597e+00
4.081764285714286067e-01 1.904681318681318847e-01 1.322036813186813209e+00
2.266700000000000104e-01 3.818304945054944999e-01 1.948419780219780240e+00
1.602028571428571468e-01 2.468260989010989115e-01 1.502595604395604356e+00
1.320821428571428702e-01 3.697310439560439477e-01 1.747798901098901014e+00
1.533857142857142919e-01 4.108054945054945284e-01 1.741111538461538544e+00
2.130357142857143005e-01 3.490346153846153876e-01 2.363036263736263631e+00
5.453714285714286042e-02 3.786464285714285505e-01 2.407618681318681286e+00
3.962464285714286105e-01 3.678206043956043780e-01 2.514616483516483481e+00
5.828657142857143203e-01 3.678206043956043780e-01 1.342098901098901065e+00
3.979507142857143243e-01 1.895129120879120999e-01 2.249351098901098744e+00
3.383007142857142879e-01 4.066662087912087387e-01 2.657280219780219888e+00
8.010142857142857342e-02 2.286769230769230832e-01 1.288599999999999968e+00
4.908342857142857230e-01 3.487162087912087927e-01 1.716591208791208745e+00
1.874714285714285805e-02 1.942890109890109962e-01 2.313995604395604477e+00
3.621607142857142803e-01 3.232436813186813085e-01 2.659509340659340637e+00
6.135428571428571537e-02 2.576519230769230839e-01 2.305079120879121035e+00
5.862742857142857478e-01 3.923379120879120774e-01 2.055417582417582434e+00
2.249657142857142966e-01 1.895129120879120999e-01 2.055417582417582434e+00
1.653157142857142881e-01 2.321793956043955998e-01 2.844526373626373505e+00
5.249200000000000532e-01 3.480793956043956028e-01 2.024209890109890164e+00
4.286278571428571715e-01 2.949054945054945254e-01 1.591760439560439444e+00
1.525335714285714350e-01 3.538107142857143117e-01 2.750903296703296697e+00
3.033628571428571563e-01 3.375719780219780253e-01 2.378640109890110210e+00
1.516814285714285782e-01 3.191043956043956298e-01 2.242663736263736496e+00
1.363428571428571545e-01 2.987263736263736091e-01 1.718820329670329716e+00
5.436671428571429043e-01 4.114423076923077183e-01 1.614051648351648272e+00
1.942885714285714494e-01 3.675021978021977831e-01 1.678696153846153782e+00
4.712350000000000150e-01 1.920601648351648594e-01 1.491449999999999942e+00
5.249200000000000532e-01 1.965178571428571608e-01 2.066563186813186626e+00
3.715342857142857613e-01 3.630445054945055094e-01 2.478950549450549268e+00
1.227085714285714307e-01 2.770747252747252642e-01 1.462471428571428422e+00
6.050214285714285850e-02 3.146467032967033006e-01 1.776777472527472534e+00
3.638650000000000495e-01 2.019307692307692470e-01 2.485637912087912405e+00
6.024650000000000283e-01 3.550843406593406915e-01 1.297516483516483410e+00
4.320364285714285990e-01 2.528758241758242153e-01 2.505700000000000038e+00
3.757950000000000457e-01 2.480997252747252912e-01 1.761173626373626400e+00
4.823128571428571543e-01 3.140098901098901107e-01 2.200310439560439590e+00
1.337864285714285839e-01 3.573131868131868005e-01 2.169102747252747321e+00
2.138878571428571573e-01 3.706862637362637325e-01 1.794610439560439641e+00
3.698300000000000476e-01 3.085969780219780523e-01 2.269413186813186822e+00
5.342935714285714788e-01 2.057516483516483585e-01 1.761173626373626400e+00
2.011057142857143043e-01 3.321590659340659668e-01 1.995231318681318644e+00
4.516357142857143070e-01 2.226271978021978071e-01 1.861484065934065901e+00
3.885771428571428987e-01 3.910642857142856976e-01 2.548053296703296944e+00
2.718335714285714522e-01 3.796016483516483353e-01 2.713008241758241734e+00
1.082221428571428640e-01 2.512837912087911851e-01 2.476721428571428518e+00
2.172964285714285848e-01 3.662285714285714588e-01 1.975169230769230788e+00
1.303778571428571564e-01 3.302486263736263972e-01 1.400056043956043883e+00
5.359978571428571925e-01 2.239008241758241868e-01 1.649717582417582484e+00
6.817142857142857726e-02 2.168958791208791259e-01 2.773194505494505524e+00
1.985492857142857337e-01 2.945870879120879304e-01 2.679571428571428271e+00
5.692314285714286104e-01 3.442585164835164635e-01 2.420993406593406672e+00
1.542378571428571488e-01 4.143079670329670172e-01 1.943961538461538296e+00
2.641642857142857403e-01 3.350247252747252658e-01 1.801297802197802334e+00
1.508292857142857213e-01 2.200799450549450476e-01 2.472263186813187019e+00
3.118842857142857250e-01 2.595623626373626536e-01 1.660863186813186676e+00
2.309307142857142947e-01 3.719598901098901123e-01 2.371952747252747074e+00
1.763935714285714274e-01 3.477609890109890078e-01 1.353244505494505479e+00
3.255185714285714349e-01 2.321793956043955998e-01 1.964023626373626374e+00
4.132892857142857479e-01 3.232436813186813085e-01 2.146811538461538493e+00
2.641642857142857334e-02 2.560598901098901092e-01 2.603781318681318790e+00
3.255185714285714349e-01 2.385475274725274708e-01 2.898025274725275047e+00
2.326350000000000084e-01 3.117810439560439462e-01 2.039813736263736299e+00
2.871721428571428758e-01 3.891538461538461835e-01 1.458013186813186701e+00
2.488257142857142890e-01 3.302486263736263972e-01 1.393368681318681190e+00
5.624142857142857416e-02 4.149447802197802071e-01 1.339869780219780093e+00
2.922850000000000170e-01 2.468260989010989115e-01 2.583719230769230712e+00
2.948414285714285876e-01 2.824876373626373782e-01 2.137895054945055051e+00
5.828657142857143203e-01 3.133730769230769209e-01 1.536032417582417597e+00
3.936900000000000399e-01 1.936521978021978063e-01 1.618509890109890215e+00
4.618614285714285894e-01 2.783483516483516440e-01 1.952878021978021961e+00
3.834642857142857297e-02 2.277217032967032984e-01 2.042042857142857049e+00
3.902814285714286124e-01 3.531739010989011218e-01 1.995231318681318644e+00
3.553435714285714253e-01 1.993835164835164875e-01 1.333182417582417623e+00
3.621607142857142803e-01 4.152631868131868020e-01 2.137895054945055051e+00
3.408571428571428585e-01 2.898109890109890063e-01 2.409847802197802480e+00
4.933907142857142936e-01 4.088950549450549588e-01 2.149040659340659243e+00
3.400050000000000017e-01 2.245376373626373767e-01 2.331828571428571362e+00
6.152471428571428813e-01 2.149854395604395840e-01 2.409847802197802480e+00
2.701292857142857384e-01 2.309057692307692478e-01 1.585073076923076973e+00
1.414557142857142957e-01 3.958403846153846217e-01 1.658634065934065926e+00
1.440121428571428663e-01 4.060293956043956043e-01 2.456659340659340884e+00
1.278214285714285824e-02 2.551046703296703244e-01 2.735299450549450562e+00
1.286735714285714427e-01 2.691145604395604463e-01 1.533803296703296626e+00
2.215571428571428692e-01 2.398211538461538506e-01 1.879317032967033008e+00
1.414557142857142957e-01 2.624280219780219525e-01 1.952878021978021961e+00
1.099264285714285777e-01 3.019104395604395585e-01 2.392014835164835151e+00
5.649707142857143261e-01 3.448953296703296534e-01 2.358578021978021688e+00
5.411107142857143337e-01 2.668857142857142817e-01 2.405389560439560537e+00
2.803550000000000209e-01 2.089357142857143079e-01 2.253809340659340688e+00
4.380014285714285971e-01 2.379107142857143087e-01 1.569469230769230617e+00
2.437128571428571477e-01 3.544475274725275016e-01 1.665321428571428619e+00
1.448642857142857197e-02 2.566967032967032991e-01 1.732195054945054880e+00
5.615621428571428986e-01 4.073030219780219285e-01 2.374181868131867823e+00
2.053664285714285886e-01 3.684574175824175679e-01 1.627426373626373657e+00
1.763935714285714274e-01 2.999999999999999889e-01 2.806631318681318987e+00
6.084300000000000264e-01 2.461892857142857216e-01 2.204768681318681089e+00
5.641185714285714692e-01 3.041392857142857231e-01 2.376410989010989017e+00
2.581992857142857423e-01 3.159203296703296804e-01 2.634989010989011060e+00
1.832107142857143101e-01 3.372535714285714303e-01 2.728612087912087869e+00
9.714428571428572468e-02 2.869453296703296519e-01 2.556969780219779942e+00
2.795028571428571640e-01 3.477609890109890078e-01 2.882421428571428912e+00
3.578999999999999959e-01 3.238804945054944984e-01 2.525762087912087672e+00
4.448185714285714520e-01 4.104870879120878779e-01 1.752257142857142735e+00
3.008064285714285857e-01 2.640200549450549827e-01 1.424576373626373682e+00
4.882778571428571524e-01 2.745274725274725602e-01 1.660863186813186676e+00
6.050214285714285850e-02 3.566763736263736106e-01 1.473617032967033058e+00
1.346385714285714408e-01 2.751642857142857501e-01 1.984085714285714230e+00
3.911335714285714693e-01 2.270848901098901085e-01 2.191393956043956148e+00
5.947957142857143165e-01 2.455524725274725317e-01 1.313120329670329545e+00
3.689778571428571907e-01 2.280401098901098933e-01 2.260496703296703380e+00
4.081764285714286067e-01 2.127565934065934194e-01 2.296162637362637149e+00
1.014050000000000090e-01 4.047557692307692245e-01 1.903837362637362585e+00
1.406035714285714389e-01 2.404579670329670404e-01 2.791027472527472852e+00
5.036164285714286315e-01 2.643384615384615222e-01 1.906066483516483556e+00
3.894292857142857556e-01 3.420296703296703544e-01 2.276100549450549515e+00
5.999085714285714577e-01 2.929950549450549557e-01 2.059875824175824377e+00
4.362971428571428834e-01 2.363186813186813340e-01 2.077708791208791261e+00
1.661678571428571449e-01 4.038005494505494397e-01 1.745569780219780265e+00
3.084757142857142975e-01 2.356818681318681441e-01 2.169102747252747321e+00
5.683792857142857535e-01 3.200596153846153591e-01 2.507929120879120788e+00
1.508292857142857213e-01 2.570151098901098941e-01 2.389785714285713958e+00
1.959928571428571631e-01 2.261296703296703514e-01 2.300620879120879092e+00
3.067714285714285838e-01 3.257909340659340680e-01 2.826693406593406621e+00
5.913871428571428890e-01 3.417112637362637040e-01 2.485637912087912405e+00
6.987571428571429100e-02 2.363186813186813340e-01 2.461117582417582383e+00
4.422621428571428814e-01 2.318609890109890048e-01 2.293933516483516399e+00
2.343392857142857222e-01 3.372535714285714303e-01 2.033126373626373606e+00
1.167435714285714327e-01 2.509653846153846457e-01 1.776777472527472534e+00
4.431142857142857105e-02 2.621096153846154131e-01 2.311766483516483284e+00
2.812071428571428777e-01 3.181491758241757895e-01 2.565886263736263828e+00
2.812071428571428708e-02 2.089357142857143079e-01 2.474492307692307769e+00
7.072785714285714787e-02 2.016123626373626521e-01 2.739757692307692061e+00
1.994014285714285906e-01 3.866065934065934240e-01 2.527991208791208866e+00
4.473750000000000226e-01 4.015717032967032751e-01 2.588177472527472212e+00
3.408571428571428585e-01 2.153038461538461790e-01 1.310891208791208795e+00
4.976514285714285779e-01 3.019104395604395585e-01 2.160186263736263879e+00
2.155921428571428711e-01 2.662489010989010918e-01 2.860130219780219640e+00
3.851685714285714712e-01 3.697310439560439477e-01 2.385327472527472459e+00
2.317828571428571516e-01 2.808956043956044035e-01 2.046501098901098992e+00
4.056200000000000361e-01 2.118013736263736346e-01 2.844526373626373505e+00
4.294800000000000284e-01 2.503285714285714558e-01 2.093312637362637396e+00
3.008064285714285857e-01 3.780096153846154161e-01 1.914982967032966998e+00
1.150392857142857189e-01 4.092134615384614982e-01 2.358578021978021688e+00
2.905807142857143033e-01 4.114423076923077183e-01 1.585073076923076973e+00
1.849150000000000238e-01 2.828060439560439732e-01 2.264954945054944879e+00
3.340400000000000036e-01 3.639997252747252388e-01 1.917212087912087970e+00
1.440121428571428663e-01 2.547862637362637295e-01 2.360807142857142882e+00
4.720871428571428718e-01 3.105074175824176219e-01 2.429909890109890114e+00
5.163985714285714845e-01 2.073436813186813332e-01 2.095541758241758146e+00
3.970985714285714674e-01 2.793035714285714288e-01 1.373306593406593334e+00
1.056657142857142934e-01 2.652936813186813070e-01 2.166873626373626571e+00
1.610550000000000037e-01 3.436217032967032736e-01 2.276100549450549515e+00
3.766471428571429025e-01 3.277013736263736376e-01 1.578385714285714281e+00
4.993557142857142916e-01 3.722782967032967072e-01 2.028668131868132107e+00
3.740907142857143319e-01 2.777115384615384541e-01 2.432139010989010863e+00
2.633121428571428835e-01 2.920398351648351709e-01 2.541365934065933807e+00
5.104335714285714865e-01 3.366167582417582405e-01 1.663092307692307648e+00
8.010142857142857342e-02 3.089153846153845917e-01 1.823589010989010939e+00
3.664214285714286201e-01 2.770747252747252642e-01 1.640801098901098820e+00
5.070250000000000590e-01 2.519206043956043750e-01 2.530220329670329615e+00
3.544914285714285684e-01 3.031840659340659383e-01 1.932815934065934105e+00
3.757950000000000457e-01 3.764175824175823859e-01 2.149040659340659243e+00
2.956935714285714445e-01 3.780096153846154161e-01 1.473617032967033058e+00
5.496321428571429024e-01 3.280197802197801771e-01 2.822235164835165122e+00
1.959928571428571631e-01 2.643384615384615222e-01 1.993002197802197895e+00
1.780978571428571411e-01 3.496714285714285775e-01 2.610468681318681483e+00
1.031092857142857228e-01 3.299302197802197467e-01 1.964023626373626374e+00
4.337407142857143127e-01 3.312038461538461265e-01 2.215914285714285725e+00
3.238142857142857489e-02 2.165774725274725310e-01 2.097770879120878895e+00
6.203600000000000225e-01 3.321590659340659668e-01 1.567240109890109867e+00
3.314835714285714330e-01 3.751439560439560061e-01 1.324265934065933958e+00
6.135428571428571537e-02 3.483978021978021977e-01 2.710779120879120985e+00
6.902357142857143413e-02 3.009552197802197737e-01 2.592635714285714599e+00
2.096271428571428730e-01 2.102093406593406599e-01 2.427680769230769364e+00
1.371950000000000114e-01 1.841000000000000136e-01 1.429034615384615403e+00
5.930914285714286027e-01 2.133934065934066093e-01 1.542719780219780290e+00
2.803550000000000209e-01 2.646568681318681171e-01 2.267184065934066073e+00
3.434135714285714291e-01 2.812140109890109985e-01 2.015293406593406722e+00
4.891300000000000092e-01 2.974527472527472849e-01 2.293933516483516399e+00
5.709357142857143103e-02 3.159203296703296804e-01 1.531574175824175876e+00
4.166978571428571754e-01 3.815120879120879049e-01 2.884650549450549661e+00
4.439664285714285952e-01 3.299302197802197467e-01 2.851213736263736198e+00
3.979507142857143243e-01 2.385475274725274708e-01 1.533803296703296626e+00
1.337864285714285839e-01 3.079601648351648624e-01 2.320682967032967170e+00
2.667207142857143110e-01 3.872434065934066139e-01 2.775423626373626718e+00
5.530407142857143299e-01 3.780096153846154161e-01 2.739757692307692061e+00
5.624142857142857416e-02 3.025472527472527484e-01 1.315349450549450516e+00
2.812071428571428708e-02 3.213332417582417389e-01 2.383098351648351709e+00
8.436214285714285777e-02 4.082582417582417689e-01 2.762048901098901332e+00
1.755414285714285705e-01 3.655917582417582690e-01 2.791027472527472852e+00
5.010600000000000609e-01 3.114626373626373512e-01 2.568115384615384578e+00
2.624600000000000266e-01 4.047557692307692245e-01 2.840068131868132006e+00
2.991021428571428720e-01 3.289750000000000174e-01 2.835609890109890063e+00
3.408571428571428776e-03 3.846961538461538543e-01 2.637218131868131810e+00
1.312300000000000133e-01 1.984282967032967027e-01 1.794610439560439641e+00
3.885771428571428987e-01 2.232640109890109970e-01 2.619385164835164925e+00
2.658685714285714541e-01 2.964975274725274446e-01 1.437951098901098845e+00
5.044685714285714884e-01 3.413928571428571646e-01 2.612697802197802233e+00
5.479278571428571887e-01 4.009348901098900853e-01 1.493679120879120914e+00
1.959928571428571492e-02 3.292934065934065568e-01 2.579260989010989213e+00
5.598578571428571848e-01 3.974324175824175409e-01 2.091083516483516647e+00
4.823128571428571543e-01 2.601991758241758435e-01 1.562781868131868146e+00
4.823128571428571543e-01 2.379107142857143087e-01 2.004147802197802086e+00
3.008064285714285857e-01 2.840796703296702974e-01 2.866817582417582333e+00
1.312300000000000133e-01 2.914030219780219810e-01 2.336286813186813305e+00
1.559421428571428625e-01 2.684777472527472564e-01 2.202539560439560340e+00
4.124371428571428910e-01 3.098706043956044320e-01 2.762048901098901332e+00
4.456707142857143089e-01 3.608156593406593449e-01 1.654175824175824205e+00
4.541921428571428776e-01 2.987263736263736091e-01 1.758944505494505428e+00
5.215114285714286257e-01 2.999999999999999889e-01 1.393368681318681190e+00
6.169514285714285950e-01 3.665469780219779983e-01 1.841421978021978045e+00
1.951407142857143062e-01 2.573335164835164890e-01 2.387556593406593208e+00
4.192542857142857460e-01 2.643384615384615222e-01 2.793256593406593602e+00
3.408571428571428863e-02 2.385475274725274708e-01 2.871275824175824276e+00
5.061728571428572021e-01 2.758010989010988845e-01 1.796839560439560390e+00
5.965000000000000684e-03 3.375719780219780253e-01 2.855671978021978141e+00
3.578999999999999959e-01 4.076214285714285790e-01 1.785693956043955977e+00
5.905350000000000321e-01 3.302486263736263972e-01 2.739757692307692061e+00
4.627135714285714463e-01 4.123975274725274476e-01 2.347432417582417497e+00
3.911335714285714693e-01 3.136914835164835158e-01 2.574802747252747270e+00
3.706821428571429045e-01 1.968362637362637557e-01 2.585948351648351462e+00
8.777071428571428524e-02 2.436420329670329621e-01 2.269413186813186822e+00
3.195535714285714368e-01 3.362983516483516455e-01 2.108916483516483531e+00
5.257721428571429101e-01 3.353431318681318607e-01 2.503470879120879289e+00
6.731928571428572039e-02 3.741887362637362768e-01 1.625197252747252685e+00
2.616078571428571697e-01 3.324774725274725062e-01 2.632759890109889866e+00
1.465685714285714369e-01 3.598604395604395600e-01 1.598447802197802137e+00
4.720871428571428718e-01 4.123975274725274476e-01 1.379993956043956027e+00
3.391528571428571448e-01 3.560395604395604208e-01 1.527115934065934155e+00
2.922850000000000170e-01 2.996815934065933940e-01 2.113374725274725030e+00
4.678264285714285875e-01 2.637016483516483323e-01 2.405389560439560537e+00
3.877250000000000418e-01 4.085766483516483083e-01 1.645259340659340541e+00
4.669742857142857306e-01 2.337714285714285745e-01 2.574802747252747270e+00
1.082221428571428640e-01 3.315222527472527769e-01 2.721924725274725176e+00
6.033171428571428851e-01 3.668653846153845932e-01 1.605135164835164829e+00
4.891300000000000092e-01 2.442788461538461520e-01 2.028668131868132107e+00
4.005071428571428949e-01 3.846961538461538543e-01 1.402285164835164855e+00
2.147400000000000142e-01 3.725967032967032466e-01 1.420118131868131961e+00
3.178492857142857231e-01 3.070049450549450221e-01 1.440180219780219817e+00
4.925385714285714367e-01 2.713434065934066108e-01 1.627426373626373657e+00
6.058735714285714558e-01 2.500101648351648609e-01 1.631884615384615378e+00
5.385542857142857631e-01 2.522390109890110255e-01 1.306432967032967074e+00
5.428150000000000475e-01 2.808956043956044035e-01 1.832505494505494603e+00
1.584985714285714331e-01 4.028453296703296549e-01 2.302850000000000286e+00
5.624142857142857554e-01 2.993631868131867990e-01 2.467804945054945076e+00
4.967992857142857210e-01 2.286769230769230832e-01 2.126749450549450415e+00
1.832107142857143101e-01 4.041189560439560347e-01 2.144582417582417300e+00
3.187014285714285800e-01 3.235620879120879034e-01 1.747798901098901014e+00
3.578999999999999959e-01 3.525370879120879319e-01 2.779881868131868217e+00
8.351000000000000090e-02 3.458505494505494382e-01 2.710779120879120985e+00
3.953942857142857537e-01 3.264277472527472579e-01 1.886004395604395700e+00
4.397057142857143108e-01 2.637016483516483323e-01 1.520428571428571463e+00
2.590514285714285991e-01 3.815120879120879049e-01 1.495908241758241664e+00
2.232614285714285829e-01 2.054332417582417636e-01 2.202539560439560340e+00
4.473750000000000226e-01 2.203983516483516425e-01 1.957336263736263682e+00
5.828657142857143203e-01 3.980692307692307308e-01 2.340745054945054804e+00
4.746435714285714424e-01 2.894925824175824114e-01 2.313995604395604477e+00
3.851685714285714712e-01 4.139895604395604223e-01 1.524886813186813184e+00
6.902357142857143413e-02 2.493733516483516710e-01 1.288599999999999968e+00
3.016585714285714426e-01 2.213535714285714273e-01 2.795485714285714351e+00
2.897285714285714395e-02 2.235824175824175919e-01 2.302850000000000286e+00
5.888307142857143184e-01 3.162387362637362198e-01 1.754486263736263707e+00
1.866192857142857375e-01 2.445972527472527469e-01 1.455784065934065952e+00
3.988028571428571811e-01 3.270645604395604478e-01 2.131207692307692358e+00
1.303778571428571564e-01 3.277013736263736376e-01 1.328724175824175902e+00
3.919857142857142984e-02 1.955626373626373760e-01 1.645259340659340541e+00
2.939892857142857308e-01 2.716618131868132058e-01 2.441055494505494750e+00
3.417092857142857154e-01 3.076417582417582119e-01 2.510158241758241537e+00
1.346385714285714408e-01 2.605175824175824384e-01 1.649717582417582484e+00
2.420085714285714340e-01 4.076214285714285790e-01 1.794610439560439641e+00
3.391528571428571448e-01 3.872434065934066139e-01 1.562781868131868146e+00
5.888307142857143184e-01 2.773931318681318592e-01 2.563657142857143079e+00
2.777985714285714502e-01 3.385271978021978101e-01 1.591760439560439444e+00
3.723864285714286182e-01 2.146670329670329891e-01 2.429909890109890114e+00
2.096271428571428730e-01 3.219700549450549287e-01 2.820006043956043928e+00
2.488257142857142890e-01 2.675225274725274716e-01 1.761173626373626400e+00
4.737914285714285856e-01 2.070252747252747383e-01 1.654175824175824205e+00
7.498857142857143221e-02 2.414131868131868253e-01 2.663967582417582136e+00
3.757950000000000457e-01 3.917010989010988875e-01 1.950648901098900989e+00
4.950950000000000073e-01 2.028859890109890318e-01 1.480304395604395529e+00
5.879785714285714615e-01 3.089153846153845917e-01 1.997460439560439394e+00
3.493785714285714272e-01 1.888760989010989100e-01 2.583719230769230712e+00
4.490792857142857364e-01 2.531942307692307548e-01 1.366619230769230642e+00
4.933907142857142936e-01 2.742090659340659098e-01 2.585948351648351462e+00
2.462692857142857183e-01 2.834428571428571630e-01 2.581490109890109963e+00
9.373571428571429720e-02 2.044780219780219788e-01 2.516845604395604674e+00
1.951407142857143062e-01 2.130750000000000144e-01 1.868171428571428594e+00
2.607557142857143129e-01 2.805771978021978086e-01 2.478950549450549268e+00
2.982500000000000151e-01 2.917214285714285760e-01 1.656404945054944955e+00
3.766471428571429025e-01 2.964975274725274446e-01 2.891337912087911910e+00
6.143950000000000244e-01 3.509450549450549017e-01 1.420118131868131961e+00
8.436214285714285777e-02 4.120791208791208526e-01 2.371952747252747074e+00
1.525335714285714350e-01 1.997019230769230824e-01 1.669779670329670340e+00
1.158914285714285758e-01 3.681390109890109730e-01 2.019751648351648221e+00
5.453714285714286042e-02 3.041392857142857231e-01 1.870400549450549565e+00
2.829114285714285915e-01 2.149854395604395840e-01 2.815547802197801985e+00
5.368500000000000494e-01 3.327958791208791567e-01 2.282787912087912208e+00
6.118385714285714538e-01 2.958607142857142547e-01 2.485637912087912405e+00
8.180571428571428716e-02 3.493530219780219825e-01 1.952878021978021961e+00
8.010142857142857342e-02 3.891538461538461835e-01 1.611822527472527522e+00
4.601571428571428757e-01 2.875821428571428418e-01 2.548053296703296944e+00
5.538928571428571729e-02 3.869249999999999634e-01 2.641676373626373753e+00
2.317828571428571516e-01 3.738703296703296264e-01 2.425451648351648615e+00
6.109864285714285970e-01 1.984282967032967027e-01 1.299745604395604381e+00
3.877250000000000418e-01 3.897906593406593179e-01 2.606010439560439540e+00
5.368500000000000494e-01 2.576519230769230839e-01 2.840068131868132006e+00
5.436671428571429043e-01 2.888557692307692215e-01 1.810214285714285776e+00
1.874714285714285805e-02 3.324774725274725062e-01 1.580614835164835252e+00
8.691857142857142837e-02 4.111239010989010678e-01 2.799943956043955851e+00
3.084757142857142975e-01 3.391640109890109445e-01 1.899379120879120864e+00
2.300785714285714378e-01 2.742090659340659098e-01 1.328724175824175902e+00
4.550442857142857345e-01 3.245173076923076882e-01 1.937274175824175826e+00
1.687242857142857155e-01 3.531739010989011218e-01 2.418764285714285478e+00
5.334414285714286219e-01 2.391843406593406607e-01 2.282787912087912208e+00
1.158914285714285758e-01 4.155815934065933970e-01 2.193623076923076898e+00
2.079228571428571593e-01 3.219700549450549287e-01 2.313995604395604477e+00
5.794571428571428789e-02 3.974324175824175409e-01 2.122291208791208916e+00
3.587521428571428528e-01 3.168755494505494097e-01 1.654175824175824205e+00
2.650164285714285972e-01 2.586071428571428688e-01 1.290829120879120939e+00
1.908800000000000219e-01 2.299505494505494629e-01 1.816901648351648468e+00
3.715342857142857613e-01 2.958607142857142547e-01 2.898025274725275047e+00
3.485264285714285704e-01 2.544678571428571345e-01 2.398702197802197844e+00
2.249657142857142966e-01 3.831041208791208796e-01 2.648363736263736001e+00
5.896828571428571752e-01 3.866065934065934240e-01 1.752257142857142735e+00
5.189550000000000551e-01 2.554230769230769194e-01 2.773194505494505524e+00
1.022571428571428659e-01 2.280401098901098933e-01 1.803526923076923083e+00
5.751964285714286085e-01 2.742090659340659098e-01 2.318453846153846420e+00
5.521885714285714730e-01 1.888760989010989100e-01 2.492325274725274653e+00
5.283285714285714807e-01 3.299302197802197467e-01 1.386681318681318720e+00
5.751964285714286085e-01 1.974730769230769456e-01 2.797714835164835101e+00
2.820592857142857346e-01 2.445972527472527469e-01 2.833380769230769314e+00
5.777528571428571791e-01 3.799200549450549302e-01 2.389785714285713958e+00
1.457164285714285801e-01 3.082785714285714018e-01 2.338515934065934054e+00
1.099264285714285777e-01 2.258112637362637565e-01 1.794610439560439641e+00
7.669285714285714421e-03 2.863085164835165175e-01 1.484762637362637250e+00
4.993557142857142916e-01 4.127159340659340425e-01 2.104458241758241588e+00
5.786050000000000360e-01 3.646365384615384286e-01 2.133436813186813108e+00
3.152928571428571525e-01 2.274032967032967034e-01 1.796839560439560390e+00
1.670200000000000018e-01 3.248357142857142832e-01 2.338515934065934054e+00
5.658228571428571829e-01 4.031637362637362498e-01 2.385327472527472459e+00
1.959928571428571492e-02 1.911049450549450746e-01 2.900254395604395796e+00
5.828657142857143203e-01 3.713230769230769224e-01 1.596218681318681387e+00
1.431600000000000095e-01 3.764175824175823859e-01 1.351015384615384507e+00
5.930914285714286027e-01 2.379107142857143087e-01 2.630530769230769117e+00
5.811614285714286066e-01 3.464873626373626281e-01 1.694299999999999917e+00
3.953942857142857537e-01 2.277217032967032984e-01 1.977398351648351760e+00
1.712807142857142861e-01 3.168755494505494097e-01 1.678696153846153782e+00
3.596042857142857097e-01 3.875618131868131533e-01 1.930586813186813133e+00
1.278214285714285858e-01 2.764379120879120744e-01 1.620739010989010964e+00
2.224092857142857260e-01 3.643181318681318892e-01 2.427680769230769364e+00
5.462235714285714749e-01 3.006368131868131788e-01 2.463346703296703133e+00
5.061728571428572021e-01 3.630445054945055094e-01 2.860130219780219640e+00
8.777071428571428524e-02 2.337714285714285745e-01 1.493679120879120914e+00
6.092821428571428832e-01 3.955219780219779713e-01 2.273871428571428766e+00
4.456707142857143089e-01 2.637016483516483323e-01 1.772319230769230813e+00
1.107785714285714346e-01 2.047964285714285737e-01 2.634989010989011060e+00
2.973978571428571582e-01 2.761195054945054794e-01 2.570344505494505327e+00
1.329342857142857270e-01 3.856513736263735836e-01 1.732195054945054880e+00
4.209585714285714597e-01 2.089357142857143079e-01 1.810214285714285776e+00
1.917321428571428787e-01 3.210148351648351994e-01 1.482533516483516500e+00
4.226628571428571735e-01 3.366167582417582405e-01 2.726382967032967120e+00
1.780978571428571411e-01 3.085969780219780523e-01 2.006376923076922836e+00
4.388535714285714540e-01 3.585868131868131803e-01 1.821359890109889967e+00
1.619071428571428606e-01 4.044373626373626296e-01 1.836963736263736102e+00
5.590057142857143280e-01 2.589255494505494637e-01 2.775423626373626718e+00
5.947957142857143165e-01 3.649549450549450791e-01 1.379993956043956027e+00
2.956935714285714445e-01 3.983876373626373812e-01 2.565886263736263828e+00
4.584528571428571619e-01 2.442788461538461520e-01 1.792381318681318669e+00
4.686785714285714444e-01 3.216516483516483893e-01 1.484762637362637250e+00
3.544914285714285684e-01 2.621096153846154131e-01 1.640801098901098820e+00
8.521428571428572157e-03 4.088950549450549588e-01 2.474492307692307769e+00
4.260714285714286079e-03 3.461689560439560331e-01 1.471387912087912087e+00
1.423078571428571526e-01 3.932931318681318622e-01 1.524886813186813184e+00
5.342935714285714788e-01 1.844184065934066086e-01 2.833380769230769314e+00
2.888764285714285895e-01 4.031637362637362498e-01 2.597093956043956098e+00
5.922392857142857459e-01 4.133527472527472324e-01 2.302850000000000286e+00
4.661221428571428738e-01 4.057109890109890094e-01 1.736653296703296601e+00
2.897285714285714395e-02 3.687758241758241629e-01 1.848109340659340738e+00
1.193000000000000033e-01 2.710250000000000159e-01 2.465575824175823882e+00
5.172507142857143414e-01 3.171939560439560601e-01 1.335411538461538372e+00
4.107328571428571773e-01 3.257909340659340680e-01 2.327370329670329419e+00
3.647171428571429064e-01 2.436420329670329621e-01 2.844526373626373505e+00
2.011057142857143043e-01 4.031637362637362498e-01 1.359931868131868171e+00
2.573471428571428854e-01 2.108461538461538498e-01 2.338515934065934054e+00
4.345928571428571419e-02 2.420500000000000151e-01 2.142353296703296550e+00
4.158457142857143185e-01 2.082989010989011180e-01 2.144582417582417300e+00
2.343392857142857222e-01 3.273829670329670427e-01 1.950648901098900989e+00
5.368500000000000355e-02 2.445972527472527469e-01 2.672884065934066022e+00
2.658685714285714541e-01 3.197412087912088197e-01 1.914982967032966998e+00
5.027642857142857746e-01 2.929950549450549557e-01 2.182477472527472706e+00
2.241135714285714398e-01 2.595623626373626536e-01 2.240434615384615302e+00
5.266242857142857670e-01 2.850348901098901377e-01 2.570344505494505327e+00
4.857214285714286234e-02 2.837612637362637580e-01 1.861484065934065901e+00
5.027642857142857746e-01 1.936521978021978063e-01 2.708549999999999791e+00
1.704285714285714431e-02 3.022288461538461535e-01 1.707674725274725303e+00
1.141871428571428621e-01 2.274032967032967034e-01 2.260496703296703380e+00
2.104792857142857299e-01 2.452340659340659368e-01 2.652821978021977944e+00
5.027642857142857746e-01 1.895129120879120999e-01 1.678696153846153782e+00
2.019578571428571612e-01 3.815120879120879049e-01 1.395597802197802162e+00
5.308850000000000513e-01 2.283585164835164882e-01 1.509282967032967049e+00
5.675271428571428967e-01 3.751439560439560061e-01 2.057646703296703183e+00
5.257721428571429101e-01 2.458708791208791267e-01 2.420993406593406672e+00
8.265785714285714403e-02 3.038208791208791282e-01 2.614926923076922982e+00
3.851685714285714712e-01 2.258112637362637565e-01 2.775423626373626718e+00
2.820592857142857346e-01 4.130343406593406375e-01 2.035355494505494356e+00
5.538928571428571729e-02 2.098909340659340650e-01 2.030897252747252857e+00
3.059192857142857269e-01 2.430052197802197722e-01 1.886004395604395700e+00
3.919857142857142984e-02 2.719802197802198007e-01 2.851213736263736198e+00
3.732385714285714751e-01 3.831041208791208796e-01 1.290829120879120939e+00
5.402585714285714769e-01 3.710046703296703274e-01 1.473617032967033058e+00
2.701292857142857384e-01 2.592439560439560586e-01 2.606010439560439540e+00
2.607557142857143129e-01 1.965178571428571608e-01 2.035355494505494356e+00
9.714428571428572468e-02 3.210148351648351994e-01 2.256038461538461437e+00
2.104792857142857299e-01 3.659101648351648084e-01 2.710779120879120985e+00
4.695307142857143012e-01 3.859697802197802341e-01 2.692946153846153656e+00
5.700835714285714673e-01 2.942686813186813355e-01 1.449096703296703259e+00
3.084757142857142975e-01 3.044576923076923181e-01 2.541365934065933807e+00
8.606642857142857150e-02 3.821489010989010948e-01 1.306432967032967074e+00
3.101800000000000113e-01 2.541494505494505396e-01 2.418764285714285478e+00
2.360435714285714359e-01 2.239008241758241868e-01 2.507929120879120788e+00
4.686785714285714444e-01 4.092134615384614982e-01 1.301974725274725131e+00
5.820135714285714634e-01 2.738906593406593704e-01 1.810214285714285776e+00
1.363428571428571545e-01 2.872637362637362468e-01 2.380869230769230960e+00
5.965000000000000302e-01 3.194228021978021692e-01 2.499012637362637346e+00
1.780978571428571411e-01 1.882392857142857201e-01 2.302850000000000286e+00
3.408571428571428863e-02 2.070252747252747383e-01 2.514616483516483481e+00
5.794571428571428789e-02 3.566763736263736106e-01 1.736653296703296601e+00
4.558964285714285913e-01 1.891945054945055049e-01 2.044271978021978242e+00
5.070250000000000590e-01 3.401192307692307848e-01 1.892691758241758393e+00
5.325892857142857650e-01 2.547862637362637295e-01 2.681800549450549465e+00
5.232157142857143395e-01 3.127362637362637310e-01 1.495908241758241664e+00
5.666750000000000398e-01 2.923582417582417659e-01 1.614051648351648272e+00
2.241135714285714398e-01 3.219700549450549287e-01 2.561428021978021885e+00
2.675728571428571678e-01 2.793035714285714288e-01 1.912753846153846027e+00
4.149935714285714616e-01 2.375923076923077137e-01 2.360807142857142882e+00
4.899821428571428661e-01 3.856513736263735836e-01 2.162415384615384628e+00
5.538928571428571729e-02 2.184879120879121006e-01 1.596218681318681387e+00
5.777528571428571791e-01 4.149447802197802071e-01 2.445513736263736249e+00
6.007607142857143145e-01 2.745274725274725602e-01 1.565010989010989118e+00
3.144407142857142956e-01 3.955219780219779713e-01 2.481179670329670017e+00
2.829114285714285915e-01 2.875821428571428418e-01 1.696529120879120889e+00
4.090285714285714358e-02 3.334326923076922911e-01 2.583719230769230712e+00
5.138421428571429139e-01 3.872434065934066139e-01 1.549407142857142761e+00
2.829114285714285915e-01 3.082785714285714018e-01 2.360807142857142882e+00
4.678264285714285875e-01 1.841000000000000136e-01 2.420993406593406672e+00
3.664214285714286201e-01 2.990447802197802041e-01 1.926128571428571412e+00
1.738371428571428567e-01 3.993428571428571106e-01 2.797714835164835101e+00
5.973521428571428871e-01 2.751642857142857501e-01 1.351015384615384507e+00
1.133350000000000052e-01 2.691145604395604463e-01 1.683154395604395503e+00
4.669742857142857306e-01 2.121197802197802296e-01 2.082167032967032760e+00
4.746435714285714424e-01 2.003387362637362723e-01 2.811089560439560486e+00
4.252192857142857441e-01 3.525370879120879319e-01 2.140124175824175801e+00
8.947499999999999898e-02 3.490346153846153876e-01 2.577031868131868464e+00
5.095814285714286296e-01 3.630445054945055094e-01 1.718820329670329716e+00
2.215571428571428553e-02 3.066865384615384826e-01 2.305079120879121035e+00
2.155921428571428711e-01 4.076214285714285790e-01 1.431263736263736153e+00
3.834642857142857297e-02 3.620892857142856691e-01 2.717466483516483677e+00
4.533400000000000207e-01 2.041596153846153838e-01 1.984085714285714230e+00
1.022571428571428589e-02 3.362983516483516455e-01 1.622968131868131714e+00
4.286278571428571715e-01 2.296321428571428680e-01 2.623843406593406868e+00
4.857214285714286234e-02 2.799403846153846187e-01 2.554740659340659192e+00
1.491250000000000075e-01 3.525370879120879319e-01 2.447742857142856998e+00
3.970985714285714674e-01 4.028453296703296549e-01 2.726382967032967120e+00
1.423078571428571526e-01 2.557414835164835143e-01 2.523532967032966923e+00
1.738371428571428567e-01 3.512634615384615522e-01 1.527115934065934155e+00
3.596042857142857097e-01 3.866065934065934240e-01 1.386681318681318720e+00
3.885771428571428987e-01 2.239008241758241868e-01 1.939503296703296797e+00
2.019578571428571612e-01 3.751439560439560061e-01 2.340745054945054804e+00
4.201064285714286028e-01 3.888354395604395330e-01 2.594864835164835348e+00
4.047678571428571792e-01 2.646568681318681171e-01 2.244892857142857245e+00
5.266242857142857670e-01 2.410947802197802303e-01 1.482533516483516500e+00
2.138878571428571573e-01 3.904274725274725077e-01 2.340745054945054804e+00
6.476285714285714978e-02 3.261093406593406629e-01 1.750028021978021986e+00
2.573471428571428854e-01 2.146670329670329891e-01 2.851213736263736198e+00
5.658228571428571829e-01 3.843777472527472039e-01 2.126749450549450415e+00
4.933907142857142936e-01 1.895129120879120999e-01 1.489220879120879193e+00
5.930914285714286027e-01 3.171939560439560601e-01 1.631884615384615378e+00
3.911335714285714693e-01 1.987467032967032976e-01 1.743340659340659293e+00
3.221100000000000074e-01 2.356818681318681441e-01 2.079937912087912011e+00
1.193000000000000033e-01 2.570151098901098941e-01 1.366619230769230642e+00
3.774992857142857594e-01 2.500101648351648609e-01 1.727736813186813158e+00
7.158000000000000473e-02 3.881986263736263432e-01 2.826693406593406621e+00
7.754500000000000282e-02 3.012736263736263687e-01 2.597093956043956098e+00
2.871721428571428758e-01 3.684574175824175679e-01 1.738882417582417572e+00
5.913871428571428890e-01 2.592439560439560586e-01 1.382223076923076999e+00
1.593507142857142900e-01 2.570151098901098941e-01 2.688487912087912157e+00
1.806542857142857117e-01 3.821489010989010948e-01 1.527115934065934155e+00
2.820592857142857346e-01 2.544678571428571345e-01 2.478950549450549268e+00
5.487800000000000455e-01 2.283585164835164882e-01 2.463346703296703133e+00
2.258178571428571535e-01 1.888760989010989100e-01 2.474492307692307769e+00
7.243214285714286160e-02 2.076620879120879282e-01 2.672884065934066022e+00
5.615621428571428986e-01 1.847368131868132035e-01 1.629655494505494406e+00
2.420085714285714340e-01 2.267664835164835413e-01 2.478950549450549268e+00
1.866192857142857375e-01 2.191247252747252905e-01 2.394243956043956345e+00
6.195078571428571657e-01 2.500101648351648609e-01 1.444638461538461538e+00
2.752421428571428796e-01 2.799403846153846187e-01 2.432139010989010863e+00
4.857214285714286234e-02 2.802587912087912136e-01 1.310891208791208795e+00
2.590514285714285991e-01 3.519002747252747421e-01 2.013064285714285973e+00
2.215571428571428692e-01 2.324978021978021947e-01 2.066563186813186626e+00
4.541921428571428776e-01 3.967956043956043510e-01 2.026439010989010914e+00
3.902814285714286124e-01 3.066865384615384826e-01 1.531574175824175876e+00
3.962464285714286105e-01 3.939299450549450521e-01 2.387556593406593208e+00
1.729849999999999999e-01 2.060700549450549535e-01 1.859254945054944930e+00
2.505300000000000304e-01 2.519206043956043750e-01 1.638571978021978071e+00
1.985492857142857337e-01 2.398211538461538506e-01 1.395597802197802162e+00
8.180571428571428716e-02 2.248560439560439717e-01 2.626072527472527618e+00
5.513364285714286162e-01 2.512837912087911851e-01 1.897149999999999892e+00
8.777071428571428524e-02 2.395027472527472556e-01 1.839192857142857074e+00
2.232614285714285829e-01 2.544678571428571345e-01 1.870400549450549565e+00
2.863200000000000189e-01 1.936521978021978063e-01 1.926128571428571412e+00
4.865735714285714386e-01 2.672041208791208766e-01 2.318453846153846420e+00
5.359978571428571925e-01 3.996612637362637610e-01 2.713008241758241734e+00
4.269235714285714578e-01 2.716618131868132058e-01 1.736653296703296601e+00
2.368957142857142928e-01 2.898109890109890063e-01 2.298391758241758343e+00
1.994014285714285906e-01 3.751439560439560061e-01 2.334057692307692555e+00
5.726400000000000379e-01 3.028656593406593434e-01 1.640801098901098820e+00
1.201521428571428601e-01 3.659101648351648084e-01 2.454430219780219691e+00
2.454171428571428615e-01 3.796016483516483353e-01 2.278329670329670265e+00
4.303321428571428853e-01 3.480793956043956028e-01 1.984085714285714230e+00
1.440121428571428663e-01 2.601991758241758435e-01 2.173560989010988820e+00
5.019121428571429178e-01 2.375923076923077137e-01 2.891337912087911910e+00
4.073242857142857498e-01 3.140098901098901107e-01 2.882421428571428912e+00
5.291807142857143376e-01 2.465076923076923165e-01 2.741986813186813254e+00
6.109864285714285970e-01 3.315222527472527769e-01 1.894920879120879142e+00
2.130357142857143005e-01 3.133730769230769209e-01 2.597093956043956098e+00
5.010600000000000609e-01 3.194228021978021692e-01 2.211456043956044226e+00
1.798021428571428548e-01 2.353634615384615492e-01 1.783464835164835227e+00
5.078771428571429158e-01 3.474425824175824129e-01 1.718820329670329716e+00
4.397057142857143108e-01 3.181491758241757895e-01 1.391139560439560441e+00
4.005071428571428671e-02 2.984079670329670142e-01 2.182477472527472706e+00
5.538928571428571868e-01 2.955423076923077153e-01 2.264954945054944879e+00
3.408571428571428863e-02 2.098909340659340650e-01 2.657280219780219888e+00
3.493785714285714272e-01 2.633832417582417929e-01 2.276100549450549515e+00
6.220642857142857224e-02 2.127565934065934194e-01 2.764278021978022082e+00
1.866192857142857375e-01 2.828060439560439732e-01 1.518199450549450491e+00
2.505300000000000304e-01 2.076620879120879282e-01 1.937274175824175826e+00
3.238142857142857489e-02 2.840796703296702974e-01 2.140124175824175801e+00
5.905350000000000321e-01 2.512837912087911851e-01 2.449971978021977748e+00
1.823585714285714532e-01 4.108054945054945284e-01 1.968481868131868096e+00
6.178035714285714519e-01 2.694329670329670412e-01 2.487867032967033154e+00
5.871264285714286046e-01 2.168958791208791259e-01 1.567240109890109867e+00
6.902357142857143413e-02 3.038208791208791282e-01 2.227059890109890361e+00
4.933907142857142936e-01 2.140302197802197992e-01 2.102229120879120838e+00
2.079228571428571593e-01 3.573131868131868005e-01 1.736653296703296601e+00
4.209585714285714597e-01 3.805568681318681201e-01 2.449971978021977748e+00
1.184478571428571464e-01 2.614728021978022232e-01 2.842297252747252756e+00
1.158914285714285758e-01 2.465076923076923165e-01 1.919441208791208719e+00
1.874714285714285944e-01 2.672041208791208766e-01 1.683154395604395503e+00
2.599035714285714560e-01 3.805568681318681201e-01 1.529345054945054905e+00
1.567942857142857194e-01 2.519206043956043750e-01 1.620739010989010964e+00
3.204057142857142937e-01 1.997019230769230824e-01 2.354119780219780189e+00
6.902357142857143413e-02 2.264480769230769464e-01 2.904712637362637295e+00
5.070250000000000590e-01 2.818508241758241883e-01 2.432139010989010863e+00
2.837635714285714483e-01 2.487365384615384811e-01 2.510158241758241537e+00
4.362971428571428834e-01 2.735722527472527199e-01 1.544948901098901040e+00
1.431600000000000095e-01 3.455321428571428433e-01 1.667550549450549369e+00
4.780521428571428699e-01 2.184879120879121006e-01 2.378640109890110210e+00
9.714428571428572468e-02 4.136711538461538273e-01 2.412076923076923229e+00
1.235607142857142876e-01 2.824876373626373782e-01 2.597093956043956098e+00
4.431142857142857105e-02 3.639997252747252388e-01 2.064334065934065876e+00
5.163985714285714845e-01 2.452340659340659368e-01 1.781235714285714256e+00
9.629214285714286781e-02 2.334530219780219795e-01 1.404514285714285604e+00
2.871721428571428758e-01 2.722986263736263957e-01 2.309537362637362534e+00
5.189550000000000551e-01 2.678409340659340665e-01 1.741111538461538544e+00
3.732385714285714751e-01 1.971546703296703507e-01 2.759819780219780139e+00
1.499771428571428644e-01 3.464873626373626281e-01 1.551636263736263732e+00
5.939435714285714596e-01 2.831244505494505681e-01 1.852567582417582237e+00
2.190007142857142985e-01 2.710250000000000159e-01 2.735299450549450562e+00
7.584071428571428908e-02 3.961587912087911612e-01 2.677342307692307521e+00
2.667207142857143110e-01 2.828060439560439732e-01 1.660863186813186676e+00
5.087292857142857727e-01 2.426868131868131773e-01 2.757590659340659389e+00
7.839714285714285968e-02 3.735519230769230870e-01 2.882421428571428912e+00
1.721328571428571430e-01 4.108054945054945284e-01 1.406743406593406576e+00
1.184478571428571464e-01 2.360002747252747390e-01 2.126749450549450415e+00
1.031092857142857228e-01 4.123975274725274476e-01 2.808860439560439737e+00
6.203600000000000225e-01 2.926766483516483608e-01 1.618509890109890215e+00
2.633121428571428835e-01 3.745071428571428163e-01 1.651946703296703234e+00
1.985492857142857337e-01 3.327958791208791567e-01 1.667550549450549369e+00
5.010600000000000609e-01 2.872637362637362468e-01 2.302850000000000286e+00
5.862742857142857478e-01 3.060497252747252928e-01 2.570344505494505327e+00
5.726400000000000379e-01 3.105074175824176219e-01 1.618509890109890215e+00
5.973521428571428871e-01 3.471241758241758180e-01 2.126749450549450415e+00
1.874714285714285805e-02 2.640200549450549827e-01 2.298391758241758343e+00
9.629214285714286781e-02 3.385271978021978101e-01 2.211456043956044226e+00
3.033628571428571563e-01 3.999796703296703004e-01 1.614051648351648272e+00
1.636114285714285743e-01 2.646568681318681171e-01 1.765631868131868121e+00
9.544000000000001094e-02 3.939299450549450521e-01 1.676467032967032811e+00
5.487800000000000455e-01 3.181491758241757895e-01 2.463346703296703133e+00
1.789499999999999980e-01 3.834225274725274746e-01 2.037584615384615105e+00
4.610092857142857325e-01 2.850348901098901377e-01 2.860130219780219640e+00
4.686785714285714444e-01 4.006164835164834903e-01 1.890462637362637199e+00
1.525335714285714350e-01 2.793035714285714288e-01 2.637218131868131810e+00
5.973521428571428871e-01 4.123975274725274476e-01 2.679571428571428271e+00
5.871264285714286046e-01 2.420500000000000151e-01 1.315349450549450516e+00
4.695307142857143012e-01 3.681390109890109730e-01 2.425451648351648615e+00
1.107785714285714276e-02 2.073436813186813332e-01 1.622968131868131714e+00
4.465228571428571658e-01 2.089357142857143079e-01 2.728612087912087869e+00
5.862742857142857478e-01 2.114829670329670397e-01 2.527991208791208866e+00
1.849150000000000238e-01 3.050945054945055079e-01 2.795485714285714351e+00
1.712807142857142861e-01 1.939706043956044013e-01 2.543595054945055001e+00
1.738371428571428567e-01 2.633832417582417929e-01 2.053188461538461684e+00
6.050214285714285850e-02 2.181695054945055057e-01 2.757590659340659389e+00
3.792035714285714731e-01 2.831244505494505681e-01 1.897149999999999892e+00
3.988028571428571811e-01 1.856920329670329883e-01 1.417889010989010989e+00
5.573014285714286142e-01 3.496714285714285775e-01 2.519074725274725424e+00
2.726857142857143090e-01 2.283585164835164882e-01 2.648363736263736001e+00
3.860207142857143281e-01 1.850552197802197985e-01 1.767860989010988870e+00
2.922850000000000170e-01 2.309057692307692478e-01 1.986314835164835202e+00
1.227085714285714307e-01 2.707065934065934210e-01 2.652821978021977944e+00
4.124371428571428910e-01 3.480793956043956028e-01 1.968481868131868096e+00
7.328428571428571847e-02 3.092337912087912422e-01 2.180248351648351512e+00
2.215571428571428692e-01 3.831041208791208796e-01 2.091083516483516647e+00
3.834642857142857575e-01 3.232436813186813085e-01 2.269413186813186822e+00
5.879785714285714476e-02 3.114626373626373512e-01 2.122291208791208916e+00
5.462235714285714749e-01 3.952035714285714318e-01 2.768736263736263581e+00
4.303321428571428853e-01 4.082582417582417689e-01 2.579260989010989213e+00
