1.008084999999999953e-01 3.115900000000000336e-01 2.688265000000000349e+00
3.877249999999999863e-01 4.043100000000000027e-01 2.201424999999999965e+00
5.428150000000000475e-01 2.217675000000000063e-01 2.018860000000000099e+00
3.256890000000000063e-01 2.855125000000000024e-01 2.566555000000000142e+00
3.644614999999999938e-01 2.536399999999999766e-01 2.667980000000000018e+00
3.877250000000000141e-02 3.057950000000000390e-01 1.369739999999999958e+00
4.730245000000000144e-01 3.202825000000000255e-01 2.039144999999999985e+00
2.403895000000000060e-01 2.507424999999999793e-01 1.572589999999999932e+00
3.877249999999999863e-01 2.391525000000000178e-01 1.288599999999999968e+00
4.885335000000000094e-01 3.057950000000000390e-01 1.937720000000000109e+00
3.799704999999999888e-01 2.884099999999999997e-01 2.404275000000000162e+00
5.350605000000000500e-01 3.956175000000000108e-01 1.633445000000000036e+00
5.583240000000000425e-01 2.159725000000000117e-01 1.876865000000000006e+00
2.714075000000000237e-01 3.000000000000000444e-01 1.897149999999999892e+00
1.938624999999999932e-01 4.043100000000000027e-01 2.566555000000000142e+00
6.126055000000000250e-01 2.449475000000000124e-01 1.633445000000000036e+00
5.195515000000000549e-01 2.478450000000000097e-01 2.140569999999999862e+00
1.861079999999999957e-01 1.927925000000000055e-01 2.850545000000000329e+00
4.962880000000000069e-01 3.086925000000000363e-01 1.572589999999999932e+00
4.885335000000000094e-01 2.101775000000000171e-01 2.566555000000000142e+00
3.877250000000000141e-02 4.043100000000000027e-01 2.505700000000000038e+00
3.489524999999999988e-01 2.855125000000000024e-01 1.329169999999999963e+00
4.962880000000000069e-01 3.057950000000000390e-01 1.430595000000000061e+00
2.481440000000000035e-01 2.768200000000000105e-01 1.308885000000000076e+00
0.000000000000000000e+00 2.217675000000000063e-01 2.282564999999999955e+00
5.195515000000000549e-01 3.289750000000000174e-01 1.937720000000000109e+00
2.636530000000000262e-01 3.608474999999999877e-01 2.728835000000000122e+00
3.256890000000000063e-01 3.376675000000000093e-01 2.485414999999999708e+00
1.473355000000000081e-01 3.724374999999999769e-01 2.465130000000000265e+00
5.273060000000000525e-01 2.971024999999999916e-01 1.917435000000000000e+00
3.877250000000000141e-02 3.811299999999999688e-01 2.607124999999999915e+00
3.877250000000000141e-02 2.304599999999999982e-01 1.795725000000000016e+00
3.877249999999999863e-01 4.014125000000000054e-01 2.100000000000000089e+00
4.962880000000000069e-01 4.072075000000000000e-01 1.369739999999999958e+00
5.660785000000000400e-01 3.231800000000000228e-01 2.525984999999999925e+00
3.334435000000000038e-01 3.318725000000000147e-01 2.465130000000000265e+00
1.318265000000000131e-01 3.869250000000000189e-01 1.734869999999999912e+00
3.024255000000000138e-01 3.753349999999999742e-01 2.424560000000000048e+00
5.040425000000000599e-01 4.130024999999999946e-01 2.363704999999999945e+00
1.008084999999999953e-01 3.927200000000000135e-01 1.288599999999999968e+00
2.481440000000000035e-01 3.347700000000000120e-01 1.410309999999999953e+00
3.877249999999999863e-01 2.188700000000000090e-01 2.343420000000000059e+00
5.195515000000000549e-01 3.434625000000000039e-01 1.674015000000000031e+00
2.714075000000000237e-01 1.927925000000000055e-01 2.647695000000000132e+00
1.628445000000000031e-01 4.072075000000000000e-01 1.288599999999999968e+00
3.722159999999999913e-01 2.942049999999999943e-01 2.850545000000000329e+00
2.403895000000000060e-01 2.159725000000000117e-01 2.140569999999999862e+00
6.203600000000000225e-01 3.956175000000000108e-01 2.830259999999999998e+00
2.481440000000000035e-01 3.028975000000000417e-01 1.978289999999999882e+00
1.473355000000000081e-01 4.072075000000000000e-01 2.769404999999999895e+00
1.938624999999999932e-01 2.971024999999999916e-01 2.830259999999999998e+00
4.652700000000000169e-01 3.260775000000000201e-01 2.302850000000000286e+00
5.970965000000000300e-01 3.086925000000000363e-01 1.450879999999999947e+00
5.040425000000000599e-01 3.927200000000000135e-01 2.241995000000000182e+00
5.117970000000000574e-01 2.536399999999999766e-01 1.633445000000000036e+00
1.008084999999999953e-01 3.898225000000000162e-01 1.613159999999999927e+00
4.342520000000000269e-01 3.898225000000000162e-01 2.749120000000000008e+00
2.171260000000000134e-01 3.724374999999999769e-01 2.809975000000000112e+00
1.163175000000000042e-01 2.449475000000000124e-01 1.998574999999999990e+00
5.273060000000000525e-01 3.318725000000000147e-01 2.444844999999999935e+00
5.428150000000000475e-01 3.260775000000000201e-01 2.221709999999999852e+00
2.869165000000000187e-01 3.405650000000000066e-01 2.667980000000000018e+00
4.885335000000000094e-01 3.985150000000000081e-01 2.282564999999999955e+00
2.171260000000000134e-01 2.797175000000000078e-01 2.140569999999999862e+00
4.575155000000000194e-01 3.260775000000000201e-01 1.917435000000000000e+00
5.583240000000000425e-01 2.275625000000000009e-01 2.789690000000000225e+00
0.000000000000000000e+00 2.188700000000000090e-01 2.201424999999999965e+00
7.754500000000000282e-02 4.043100000000000027e-01 2.830259999999999998e+00
4.575155000000000194e-01 2.623325000000000240e-01 2.465130000000000265e+00
0.000000000000000000e+00 3.115900000000000336e-01 2.262280000000000069e+00
3.877249999999999863e-01 1.985875000000000279e-01 1.755155000000000021e+00
9.305399999999999783e-02 2.681275000000000186e-01 2.241995000000000182e+00
6.203600000000000086e-02 2.884099999999999997e-01 2.911399999999999988e+00
2.248805000000000109e-01 1.869975000000000109e-01 1.795725000000000016e+00
2.016169999999999907e-01 1.927925000000000055e-01 2.830259999999999998e+00
2.636530000000000262e-01 2.797175000000000078e-01 1.552305000000000046e+00
1.705990000000000006e-01 4.072075000000000000e-01 2.262280000000000069e+00
2.946710000000000163e-01 3.086925000000000363e-01 2.688265000000000349e+00
7.754500000000000282e-02 2.507424999999999793e-01 2.525984999999999925e+00
2.558985000000000287e-01 2.246650000000000036e-01 1.613159999999999927e+00
3.567069999999999963e-01 2.072800000000000198e-01 1.674015000000000031e+00
