9.846984126984127672e-02 3.128777777777778102e-01 2.705330158730158807e+00
3.840323809523809584e-01 4.048619047619047562e-01 2.190155555555555633e+00
5.415841269841270567e-01 2.245730158730158688e-01 2.009844444444444544e+00
3.249504761904762340e-01 2.834428571428571630e-01 2.576536507936507903e+00
3.643384126984127169e-01 2.540079365079365159e-01 2.679571428571428271e+00
3.938793650793651069e-02 3.055190476190476345e-01 1.365876190476190466e+00
4.726552380952381283e-01 3.202365079365079303e-01 2.035603174603174637e+00
2.363276190476190641e-01 2.503285714285714558e-01 1.571946031746031647e+00
3.840323809523809584e-01 2.392904761904761923e-01 1.288599999999999968e+00
4.923492063492063697e-01 3.055190476190476345e-01 1.932568253968253824e+00
3.840323809523809584e-01 2.871222222222222231e-01 2.396225396825396814e+00
5.317371428571429082e-01 3.938238095238095204e-01 1.649222222222222145e+00
5.612780952380952426e-01 2.135349206349206330e-01 1.855292063492063548e+00
2.757155555555556026e-01 2.981603174603174589e-01 1.881050793650793640e+00
1.969396825396825534e-01 4.048619047619047562e-01 2.576536507936507903e+00
6.203600000000000225e-01 2.466492063492063402e-01 1.649222222222222145e+00
5.120431746031746112e-01 2.466492063492063402e-01 2.138638095238095005e+00
1.870926984126984327e-01 1.914587301587301615e-01 2.859882539682539360e+00
4.923492063492063697e-01 3.091984126984126946e-01 1.571946031746031647e+00
4.923492063492063697e-01 2.098555555555555729e-01 2.550777777777777811e+00
3.938793650793651069e-02 4.048619047619047562e-01 2.499260317460317182e+00
3.446444444444444755e-01 2.871222222222222231e-01 1.340117460317460374e+00
5.021961904761904627e-01 3.055190476190476345e-01 1.443152380952380964e+00
2.461746031746031849e-01 2.760841269841269874e-01 1.314358730158730060e+00
0.000000000000000000e+00 2.208936507936508087e-01 2.267431746031745909e+00
5.218901587301587597e-01 3.275952380952381060e-01 1.932568253968253824e+00
2.658685714285714541e-01 3.607095238095238132e-01 2.731088888888888899e+00
3.249504761904762340e-01 3.349539682539682817e-01 2.473501587301587534e+00
1.477047619047619220e-01 3.754269841269841645e-01 2.447742857142856998e+00
5.317371428571429082e-01 2.981603174603174589e-01 1.906809523809523732e+00
3.938793650793651069e-02 3.827857142857142847e-01 2.602295238095237995e+00
3.938793650793651069e-02 2.282523809523809566e-01 1.803774603174603142e+00
3.840323809523809584e-01 4.011825396825396961e-01 2.112879365079364913e+00
5.021961904761904627e-01 4.048619047619047562e-01 1.365876190476190466e+00
5.711250793650793911e-01 3.239158730158729904e-01 2.525019047619047718e+00
3.347974603174603270e-01 3.349539682539682817e-01 2.473501587301587534e+00
1.280107936507936528e-01 3.864650793650793448e-01 1.726498412698412643e+00
2.954095238095238440e-01 3.754269841269841645e-01 2.421984126984126906e+00
5.021961904761904627e-01 4.158999999999999919e-01 2.370466666666666278e+00
9.846984126984127672e-02 3.938238095238095204e-01 1.288599999999999968e+00
2.461746031746031849e-01 3.349539682539682817e-01 1.391634920634920558e+00
3.840323809523809584e-01 2.172142857142857209e-01 2.344707936507936630e+00
5.218901587301587597e-01 3.459920634920634619e-01 1.674980952380952459e+00
2.757155555555556026e-01 1.914587301587301615e-01 2.653812698412698623e+00
1.673987301587301635e-01 4.085412698412698163e-01 1.288599999999999968e+00
3.741853968253968654e-01 2.944809523809523988e-01 2.859882539682539360e+00
2.363276190476190641e-01 2.135349206349206330e-01 2.138638095238095005e+00
6.203600000000000225e-01 3.938238095238095204e-01 2.834123809523809712e+00
2.560215873015873056e-01 3.055190476190476345e-01 1.984085714285714230e+00
1.477047619047619220e-01 4.085412698412698163e-01 2.756847619047618991e+00
1.969396825396825534e-01 2.981603174603174589e-01 2.834123809523809712e+00
4.726552380952381283e-01 3.275952380952381060e-01 2.293190476190476446e+00
6.006660317460318366e-01 3.091984126984126946e-01 1.443152380952380964e+00
5.120431746031746112e-01 3.938238095238095204e-01 2.241673015873015817e+00
5.120431746031746112e-01 2.540079365079365159e-01 1.623463492063492053e+00
9.846984126984127672e-02 3.901444444444444049e-01 1.597704761904761739e+00
4.332673015873016453e-01 3.901444444444444049e-01 2.756847619047618991e+00
2.166336507936508227e-01 3.717476190476190490e-01 2.808365079365079175e+00
1.181638095238095321e-01 2.466492063492063402e-01 1.984085714285714230e+00
5.317371428571429082e-01 3.312746031746032216e-01 2.447742857142856998e+00
5.415841269841270567e-01 3.239158730158729904e-01 2.241673015873015817e+00
2.855625396825396956e-01 3.423126984126984018e-01 2.653812698412698623e+00
4.923492063492063697e-01 4.011825396825396961e-01 2.293190476190476446e+00
2.166336507936508227e-01 2.797634920634920475e-01 2.138638095238095005e+00
