1.019769863013698652e-01 3.115673189823874867e-01 2.685922896281800476e+00
3.836277103718199744e-01 4.036522504892368080e-01 2.200035616438356101e+00
5.402352250489237395e-01 2.240185909980430545e-01 2.022194520547945018e+00
3.265691585127201702e-01 2.852573385518590854e-01 2.558893542074363925e+00
3.678455577299413193e-01 2.535039138943248616e-01 2.670044227005870852e+00
4.006238747553816232e-02 3.065774951076321031e-01 1.383872015655577270e+00
4.734645792563600963e-01 3.206397260273972649e-01 2.031721722113502882e+00
2.379463013698630280e-01 2.521430528375733782e-01 1.580767514677103636e+00
3.836277103718199744e-01 2.394416829745596997e-01 1.288599999999999968e+00
4.856046966731898396e-01 3.061238747553816086e-01 1.945976908023483443e+00
3.799856751467710625e-01 2.888863013698630411e-01 2.400106849315068125e+00
5.305231311154599005e-01 3.936726027397260408e-01 1.647457925636007792e+00
5.535893542074364904e-01 2.163070450097847597e-01 1.869759295499021423e+00
2.755806653620352376e-01 2.988659491193738083e-01 1.895165166340508911e+00
1.978839138943248588e-01 4.041058708414873024e-01 2.568420743639921788e+00
6.130759295499021988e-01 2.462459882583170334e-01 1.644282191780821911e+00
5.135269667318982378e-01 2.489677103718199724e-01 2.142872407045009808e+00
1.905998434442270351e-01 1.945332681017612753e-01 2.851061056751467593e+00
4.916747553816047667e-01 3.088455968688845754e-01 1.583943248532289516e+00
4.856046966731898396e-01 2.108636007827788816e-01 2.552542074363992164e+00
4.249041095890411512e-02 4.031986301369863135e-01 2.501730332681017632e+00
3.447793346379647850e-01 2.861645792563600743e-01 1.345763209393346260e+00
4.977448140900196383e-01 3.061238747553816086e-01 1.441035225048923563e+00
2.452303718199608795e-01 2.779994129158512850e-01 1.323533072407044875e+00
2.428023483365949337e-03 2.217504892367906100e-01 2.273077495107632018e+00
5.171690019569472607e-01 3.288048923679061097e-01 1.939625440313111460e+00
2.634405479452054943e-01 3.601046966731897836e-01 2.720855968688845383e+00
3.289971819960861299e-01 3.360628180039139101e-01 2.473148727984344486e+00
1.493234442270058859e-01 3.728060665362035175e-01 2.454094324853229203e+00
5.256670841487279811e-01 2.975050880626223249e-01 1.911043835616438313e+00
4.127639921722113525e-02 3.805176125244618124e-01 2.606529549902152354e+00
4.249041095890411512e-02 2.308228962818004160e-01 1.803068884540117267e+00
3.848417221135029820e-01 4.004769080234833467e-01 2.107939334637964901e+00
4.953167906066536785e-01 4.050131115459882913e-01 1.377520547945205509e+00
5.657294716242662336e-01 3.224542074363991873e-01 2.511257534246575496e+00
3.362812524461840091e-01 3.328874755381604489e-01 2.466797260273972725e+00
1.335412915851272031e-01 3.864146771037182404e-01 1.730027005870841350e+00
2.998609001956947240e-01 3.746205479452054954e-01 2.422336986301369954e+00
5.026008610567515023e-01 4.127246575342465862e-01 2.361998043052837559e+00
1.007629745596868992e-01 3.909508806262230740e-01 1.301302935420743712e+00
2.513004305283757511e-01 3.351555772994129212e-01 1.409277886497064536e+00
3.848417221135029820e-01 2.185751467710371765e-01 2.333416438356164413e+00
5.171690019569472607e-01 3.442279843444226994e-01 1.679215264187866818e+00
2.743666536203522854e-01 1.931724070450097919e-01 2.650989823874755125e+00
1.663196086105675209e-01 4.063739726027397192e-01 1.291775733855185848e+00
3.714875929549902311e-01 2.929688845401174357e-01 2.844709589041095832e+00
2.403743248532289878e-01 2.163070450097847597e-01 2.130169471624266286e+00
6.191459882583171259e-01 3.941262230919765353e-01 2.832006653620352310e+00
2.525144422700587032e-01 3.043093933463796308e-01 1.984085714285714230e+00
1.529654794520547978e-01 4.054667318982387858e-01 2.758964774951076393e+00
1.978839138943248588e-01 2.975050880626223249e-01 2.825655185909980105e+00
4.661805088062622726e-01 3.256295499021526485e-01 2.298483365949119062e+00
5.948657534246576395e-01 3.083919765166340810e-01 1.450562426614481426e+00
5.050288845401174065e-01 3.909508806262230740e-01 2.244495890410958872e+00
5.074569080234834217e-01 2.535039138943248616e-01 1.641106457925636031e+00
1.019769863013698652e-01 3.877755381604696683e-01 1.615700587084148765e+00
4.346162035225049070e-01 3.882291585127201627e-01 2.746261839530332871e+00
2.197361252446184132e-01 3.718988258317025286e-01 2.797073581213306959e+00
1.177591389432485480e-01 2.466996086105675279e-01 1.993612915851271872e+00
5.244530724070450844e-01 3.306193737769080321e-01 2.450918590998043101e+00
5.378072015655577243e-01 3.251759295499021540e-01 2.228617221135029247e+00
2.889347945205479884e-01 3.401454011741683048e-01 2.654165557729941227e+00
4.892467318982388069e-01 3.991160469667318633e-01 2.285780430528375540e+00
2.160940900195695014e-01 2.802675146771037573e-01 2.146048140900195911e+00
4.540403913894325294e-01 3.251759295499021540e-01 1.920571037181995955e+00
5.548033659491193870e-01 2.290084148727984381e-01 2.787546379647749539e+00
6.070058708414873341e-03 2.194823874755381654e-01 2.203211350293542203e+00
8.133878669275930451e-02 4.045594911937377969e-01 2.832006653620352310e+00
4.552544031311154815e-01 2.634835616438356287e-01 2.460445792563600520e+00
4.856046966731898673e-03 3.115673189823874867e-01 2.257198825831702393e+00
3.896977690802348460e-01 1.990694716242661644e-01 1.758608610567514718e+00
9.469291585127202759e-02 2.684733855185910123e-01 2.241320156555772769e+00
6.312861056751467581e-02 2.875254403131115577e-01 2.908224266144814329e+00
2.221641487279843730e-01 1.886362035225049028e-01 1.806244618395303370e+00
2.015259491193737984e-01 1.945332681017612753e-01 2.819303718199608788e+00
2.646545596868885020e-01 2.789066536203522739e-01 1.564888845401174233e+00
1.723896673189823925e-01 4.072812133072407081e-01 2.263550293542074598e+00
2.937908414872798524e-01 3.088455968688845754e-01 2.676395694716242613e+00
8.133878669275930451e-02 2.512358121330724448e-01 2.530311937377690779e+00
2.597985127201565825e-01 2.244722113502935490e-01 1.625227788649706406e+00
3.593474755381604879e-01 2.090491193737769315e-01 1.679215264187866818e+00
3.083589823874755553e-01 3.728060665362035175e-01 2.784370645792563437e+00
6.919866927592956130e-02 2.530502935420743671e-01 1.666512328767123297e+00
2.719386301369863257e-01 3.755277886497064843e-01 1.329884540117416858e+00
4.734645792563600963e-01 1.963477495107632254e-01 2.349295107632094037e+00
5.256670841487279811e-01 2.113172211350293761e-01 2.279428962818003779e+00
1.711756555772994404e-01 3.247223091976516596e-01 2.206387084148727862e+00
2.173081017612524535e-01 1.999767123287671255e-01 2.022194520547945018e+00
2.197361252446184132e-01 2.843500978473580965e-01 1.590294716242661277e+00
5.280951076320939963e-01 3.932189823874755463e-01 2.749437573385518530e+00
5.183830136986301573e-01 2.925152641878669413e-01 2.514433268101761154e+00
1.371833268101761427e-01 3.387845401174168214e-01 2.047600391389432506e+00
9.712093933463797346e-03 2.081418786692759426e-01 1.828474755381604755e+00
1.529654794520547978e-01 3.274440313111546264e-01 2.708153033268101417e+00
6.179319765166341183e-01 2.208432485322896488e-01 2.654165557729941227e+00
6.142899412915852064e-01 3.818784735812132958e-01 1.561713111545988131e+00
1.930278669275929671e-01 2.013375733855186089e-01 1.390223483365949031e+00
3.435653228962818329e-01 1.918115459882583362e-01 2.444567123287670896e+00
2.792227005870841910e-02 3.664553816046967061e-01 2.266726027397260257e+00
4.431142857142857383e-01 3.737133072407045065e-01 1.495022700587084197e+00
1.578215264187867173e-01 2.716487279843444180e-01 1.739554207436399214e+00
3.047169471624266435e-01 3.274440313111546264e-01 2.854236790606653251e+00
6.070058708414873341e-03 3.614655577299412670e-01 2.857412524461839354e+00
6.021498238747554632e-01 3.977551859099804354e-01 1.529955772994129104e+00
5.693715068493151454e-01 3.968479452054794465e-01 1.320357338551858994e+00
2.816507240704501092e-01 2.231113502935420934e-01 2.320713502935420891e+00
8.133878669275930451e-02 4.054667318982387858e-01 2.126993737769080184e+00
1.298992563600782912e-01 3.678162426614481340e-01 2.225441487279843145e+00
3.010749119373777316e-01 3.210933463796477594e-01 1.685566731898238579e+00
2.258061839530332848e-01 2.875254403131115577e-01 2.352470841487279696e+00
5.220250489236791247e-02 2.634835616438356287e-01 1.409277886497064536e+00
2.343042661448141162e-01 1.945332681017612753e-01 1.536307240704500865e+00
4.091219569471624684e-01 1.904506849315068528e-01 1.320357338551858994e+00
2.258061839530332848e-01 3.818784735812132958e-01 1.949152641878669101e+00
1.602495499021526493e-01 2.466996086105675279e-01 1.501374168297455958e+00
1.323272798434442510e-01 3.700843444227005508e-01 1.749081409001956855e+00
1.529654794520547978e-01 4.109101761252446083e-01 1.739554207436399214e+00
2.136660665362035416e-01 3.492178082191780830e-01 2.365173776908023662e+00
5.463052837573385834e-02 3.787031311154598900e-01 2.406458317025440330e+00
3.969818395303327252e-01 3.678162426614481340e-01 2.514433268101761154e+00
5.827256360078278963e-01 3.678162426614481340e-01 1.339411741682974499e+00
3.981958512720156773e-01 1.895434442270058917e-01 2.247671624266144974e+00
3.387092759295499134e-01 4.068275929549902137e-01 2.657341291585127330e+00
8.012477495107632464e-02 2.285547945205479436e-01 1.288599999999999968e+00
4.904607436399217590e-01 3.487641878669275886e-01 1.717324070450097828e+00
1.821017612524462176e-02 1.940796477495107808e-01 2.314362035225048686e+00
3.617754990215264477e-01 3.233614481409001762e-01 2.657341291585127330e+00
6.070058708414872994e-02 2.575864970645792562e-01 2.304834833659491267e+00
5.863676712328768081e-01 3.923117416829745574e-01 2.053951859099804267e+00
2.258061839530332848e-01 1.890898238747553972e-01 2.053951859099804267e+00
1.651055968688845410e-01 2.321837573385518716e-01 2.844709589041095832e+00
5.256670841487279811e-01 3.478569471624266551e-01 2.022194520547945018e+00
4.285461448140900353e-01 2.947833659491193581e-01 1.590294716242661277e+00
1.529654794520547978e-01 3.537540117416829721e-01 2.752613307240704188e+00
3.035029354207436914e-01 3.374236790606653935e-01 2.377876712328767184e+00
1.517514677103718457e-01 3.188252446183953426e-01 2.244495890410958872e+00
1.359693150684931628e-01 2.988659491193738083e-01 1.720499804305283709e+00
5.438772602739726514e-01 4.113637964774951028e-01 1.615700587084148765e+00
1.942418786692759469e-01 3.673626223091976395e-01 1.679215264187866818e+00
4.710365557729941921e-01 1.918115459882583362e-01 1.491846966731898316e+00
5.244530724070450844e-01 1.963477495107632254e-01 2.066654794520547789e+00
3.714875929549902311e-01 3.628264187866927504e-01 2.479500195694716247e+00
1.226151859099804398e-01 2.770921722113502961e-01 1.463265362035224948e+00
6.070058708414872994e-02 3.147426614481408924e-01 1.777663013698630223e+00
3.642035225048924074e-01 2.017911937377691034e-01 2.485851663405088008e+00
6.021498238747554632e-01 3.551148727984344555e-01 1.298127201565557609e+00
4.321881800391390027e-01 2.525966731898238726e-01 2.504906066536203291e+00
3.751296281800391985e-01 2.480604696673189835e-01 1.761784344422700599e+00
4.819626614481409277e-01 3.138354207436399035e-01 2.200035616438356101e+00
1.335412915851272031e-01 3.573829745596869278e-01 2.168278277886496852e+00
2.136660665362035416e-01 3.709915851272015397e-01 1.796717416829745506e+00
3.702735812133072790e-01 3.083919765166340810e-01 2.269901761252445915e+00
5.341651663405088124e-01 2.054201565557730036e-01 1.758608610567514718e+00
2.003119373776908185e-01 3.319802348336594600e-01 1.996788649706457974e+00
4.516123679060665697e-01 2.226577299412915989e-01 1.860232093933463782e+00
3.884837573385518938e-01 3.909508806262230740e-01 2.549366340508806061e+00
2.719386301369863257e-01 3.796103718199608235e-01 2.711328767123287520e+00
1.080470450097847507e-01 2.512358121330724448e-01 2.476324461839530144e+00
2.173081017612524535e-01 3.664553816046967061e-01 1.974558512720156589e+00
1.298992563600782912e-01 3.301657534246575376e-01 1.399750684931506894e+00
5.365931898238748277e-01 2.235649706457925601e-01 1.647457925636007792e+00
6.798465753424658142e-02 2.167606653620352264e-01 2.774843444227006017e+00
1.990979256360078387e-01 2.943297455968688636e-01 2.679571428571428271e+00
5.693715068493151454e-01 3.442279843444226994e-01 2.422336986301369954e+00
1.541794911937377777e-01 4.145391389432485640e-01 1.942801174168297340e+00
2.634405479452054943e-01 3.351555772994129212e-01 1.799893150684931609e+00
1.505374559686888658e-01 2.199360078277886599e-01 2.473148727984344486e+00
3.120010176125244672e-01 2.594009784735812341e-01 1.660160861056751536e+00
2.306622309197651766e-01 3.718988258317025286e-01 2.371525244618394979e+00
1.760317025440313321e-01 3.478569471624266551e-01 1.352114677103718243e+00
3.253551467710372180e-01 2.321837573385518716e-01 1.965031311154598725e+00
4.139780039138943879e-01 3.233614481409001762e-01 2.146048140900195911e+00
2.670825831702544270e-02 2.557720156555772784e-01 2.603353816046966696e+00
3.253551467710372180e-01 2.385344422700587108e-01 2.898697064579256022e+00
2.318762426614481564e-01 3.120209393346379811e-01 2.041248923679060745e+00
2.865067710371820286e-01 3.891363992172210962e-01 1.456913894324853187e+00
2.488724070450098191e-01 3.301657534246575376e-01 1.393399217221134911e+00
5.705855185909981114e-02 4.149927592954990585e-01 1.339411741682974499e+00
2.925768297455969003e-01 2.466996086105675279e-01 2.584299412915851413e+00
2.950048532289628600e-01 2.825356164383561741e-01 2.136520939334638047e+00
5.827256360078278963e-01 3.133818003913894090e-01 1.536307240704500865e+00
3.945538160469667655e-01 1.936260273972602863e-01 1.618876320939334645e+00
4.613244618395303531e-01 2.784530332681017795e-01 1.952328375733855204e+00
3.763436399217221645e-02 2.276475538160469825e-01 2.041248923679060745e+00
3.896977690802348460e-01 3.533003913894324777e-01 1.993612915851271872e+00
3.557054403131115761e-01 1.990694716242661644e-01 1.333060273972602738e+00
3.629895107632093998e-01 4.154463796477494975e-01 2.139696673189823706e+00
3.411372994129158731e-01 2.897935420743640300e-01 2.409634050880626432e+00
4.928887671232877188e-01 4.090956947162426305e-01 2.149223874755381569e+00
3.399232876712329210e-01 2.244722113502935490e-01 2.330240704500978310e+00
6.155039530332681030e-01 2.149461839530332763e-01 2.409634050880626432e+00
2.695106066536203659e-01 2.308228962818004160e-01 1.583943248532289516e+00
1.408253620352250546e-01 3.959407045009785131e-01 1.656985127201565433e+00
1.444673972602739942e-01 4.059203522504892248e-01 2.457270058708414862e+00
1.335412915851272135e-02 2.553183953033268394e-01 2.736734637964775008e+00
1.286852446183953114e-01 2.693806262230920012e-01 1.533131506849314984e+00
2.221641487279843730e-01 2.398953033268101942e-01 1.879286497064579287e+00
1.420393737769080345e-01 2.621227005870841453e-01 1.952328375733855204e+00
1.092610567514677167e-01 3.020412915851272140e-01 2.393755381604696808e+00
5.645154598825832259e-01 3.451352250489236884e-01 2.358822309197651457e+00
5.414492367906067471e-01 2.666589041095890344e-01 2.406458317025440330e+00
2.804367123287671570e-01 2.090491193737769315e-01 2.254023091976516735e+00
4.382582387475538743e-01 2.376272015655577496e-01 1.568064579256360114e+00
2.428023483365949198e-01 3.546612524461839611e-01 1.666512328767123297e+00
1.456814090019569602e-02 2.566792563600782673e-01 1.733202739726027453e+00
5.620874363992173217e-01 4.072812133072407081e-01 2.374700978473581081e+00
2.051679843444227103e-01 3.687234833659491229e-01 1.625227788649706406e+00
1.760317025440313321e-01 2.997731898238747417e-01 2.806600782778864822e+00
6.082198825831702793e-01 2.462459882583170334e-01 2.206387084148727862e+00
5.645154598825832259e-01 3.043093933463796308e-01 2.377876712328767184e+00
2.585845009784736304e-01 3.156499021526418813e-01 2.635111154598825500e+00
1.833157729941291836e-01 3.374236790606653935e-01 2.730383170254403247e+00
9.712093933463797346e-02 2.870718199608610632e-01 2.558893542074363925e+00
2.792227005870841494e-01 3.474033268101761607e-01 2.882818395303326842e+00
3.581334637964775358e-01 3.238150684931506706e-01 2.527136203522505120e+00
4.455423091976516980e-01 4.104565557729941139e-01 1.752257142857142735e+00
3.010749119373777316e-01 2.639371819960861232e-01 1.421980821917808280e+00
4.880327201565557993e-01 2.743704500978473848e-01 1.660160861056751536e+00
6.070058708414872994e-02 3.569293542074364334e-01 1.472792563600782811e+00
1.347553033268101830e-01 2.752776908023483182e-01 1.984085714285714230e+00
3.909117808219178536e-01 2.271939334637964880e-01 2.190508414872798237e+00
5.948657534246576395e-01 2.457923679060665390e-01 1.310830136986301353e+00
3.690595694716243269e-01 2.281011741682974492e-01 2.260374559686888496e+00
4.091219569471624684e-01 2.126780821917808317e-01 2.295307632093933403e+00
1.007629745596868992e-01 4.050131115459882913e-01 1.904692367906066552e+00
1.408253620352250546e-01 2.403489236790606887e-01 2.793897847358121300e+00
5.038148727984345099e-01 2.643908023483366176e-01 1.904692367906066552e+00
3.896977690802348460e-01 3.419598825831702271e-01 2.276253228962818120e+00
5.997218003913894480e-01 2.929688845401174357e-01 2.060303326810176028e+00
4.358302152641879146e-01 2.362663405088062663e-01 2.079357729941291311e+00
1.663196086105675209e-01 4.036522504892368080e-01 1.745905675146770974e+00
3.083589823874755553e-01 2.358127201565557995e-01 2.168278277886496852e+00
5.693715068493151454e-01 3.197324853228962760e-01 2.508081800391389393e+00
1.505374559686888658e-01 2.571328767123287617e-01 2.390579647749510706e+00
1.966699021526419067e-01 2.262866927592955268e-01 2.301659099804305164e+00
3.059309589041095956e-01 3.256295499021526485e-01 2.828830919765166207e+00
5.924377299412916242e-01 3.419598825831702271e-01 2.485851663405088008e+00
7.041268101761252729e-02 2.362663405088062663e-01 2.460445792563600520e+00
4.431142857142857383e-01 2.317301369863013771e-01 2.292131898238747745e+00
2.343042661448141162e-01 3.374236790606653935e-01 2.031721722113502882e+00
1.165451272015655682e-01 2.512358121330724448e-01 1.774487279843444121e+00
4.370442270058708806e-02 2.621227005870841453e-01 2.311186301369863028e+00
2.816507240704501092e-01 3.179180039138943537e-01 2.565245009784735686e+00
2.792227005870841910e-02 2.090491193737769315e-01 2.473148727984344486e+00
7.041268101761252729e-02 2.013375733855186089e-01 2.739910371819960666e+00
1.990979256360078387e-01 3.868682974559686794e-01 2.530311937377690779e+00
4.479703326810176578e-01 4.013841487279843356e-01 2.587475146771037071e+00
3.411372994129158731e-01 2.153998043052837708e-01 1.310830136986301353e+00
4.977448140900196383e-01 3.020412915851272140e-01 2.161926810176125091e+00
2.160940900195695014e-01 2.662052837573385400e-01 2.860588258317025456e+00
3.848417221135029820e-01 3.700843444227005508e-01 2.387403913894324603e+00
2.318762426614481564e-01 2.807211350293541963e-01 2.047600391389432506e+00
4.054799217221135565e-01 2.117708414872798706e-01 2.844709589041095832e+00
4.297601565557730430e-01 2.503285714285714558e-01 2.095236399217220935e+00
3.010749119373777316e-01 3.782495107632093956e-01 1.914219569471624194e+00
1.153311154598825883e-01 4.090956947162426305e-01 2.358822309197651457e+00
2.913628180039139481e-01 4.113637964774951028e-01 1.583943248532289516e+00
1.845297847358121635e-01 2.825356164383561741e-01 2.266726027397260257e+00
3.338532289628180494e-01 3.641872798434442338e-01 1.917395303326810296e+00
1.432533855185910143e-01 2.548647749510763449e-01 2.361998043052837559e+00
4.722505675146771442e-01 3.102064579256360033e-01 2.428688454011741715e+00
5.159549902152642531e-01 2.072346379647749537e-01 2.095236399217220935e+00
3.969818395303327252e-01 2.793602739726027684e-01 1.371169080234833526e+00
1.056190215264187909e-01 2.652980430528375511e-01 2.165102544031311194e+00
1.602495499021526493e-01 3.437743639921722050e-01 2.276253228962818120e+00
3.775576516634051027e-01 3.278976516634051208e-01 1.577591780821917755e+00
4.989588258317025904e-01 3.723524461839530231e-01 2.028545988258317223e+00
3.739156164383561909e-01 2.775457925636007905e-01 2.431864187866927374e+00
2.634405479452054943e-01 2.920616438356164468e-01 2.543014872798434300e+00
5.098849315068493260e-01 3.365164383561644046e-01 1.663336594911937416e+00
8.012477495107632464e-02 3.088455968688845754e-01 1.825299021526418652e+00
3.666315459882583672e-01 2.770921722113502961e-01 1.641106457925636031e+00
5.074569080234834217e-01 2.521430528375733782e-01 2.530311937377690779e+00
3.544914285714286240e-01 3.029485322896282029e-01 1.933273972602739699e+00
3.763436399217221506e-01 3.764350293542074732e-01 2.149223874755381569e+00
2.962188649706458121e-01 3.782495107632093956e-01 1.472792563600782811e+00
5.499473189823875785e-01 3.283512720156556153e-01 2.822479452054794447e+00
1.954558904109589268e-01 2.643908023483366176e-01 1.993612915851271872e+00
1.784597260273972641e-01 3.496714285714285775e-01 2.612881017612524559e+00
1.031909980430528451e-01 3.301657534246575376e-01 1.965031311154598725e+00
4.334021917808219548e-01 3.310729941291585265e-01 2.215914285714285725e+00
3.156430528375733791e-02 2.167606653620352264e-01 2.098412133072407038e+00
6.203600000000000225e-01 3.324338551859099544e-01 1.568064579256360114e+00
3.314252054794520896e-01 3.750741682974559899e-01 1.323533072407044875e+00
6.191459882583170982e-02 3.483105675146770941e-01 2.711328767123287520e+00
6.919866927592956130e-02 3.011340508806262251e-01 2.593826614481408832e+00
2.100240313111546298e-01 2.104099804305283872e-01 2.428688454011741715e+00
1.371833268101761427e-01 1.841000000000000136e-01 1.428332289628180041e+00
5.924377299412916242e-01 2.131317025440313262e-01 1.542658708414872848e+00
2.804367123287671570e-01 2.648444227005871121e-01 2.266726027397260257e+00
3.435653228962818329e-01 2.811747553816046907e-01 2.015843052837573257e+00
4.892467318982388069e-01 2.975050880626223249e-01 2.295307632093933403e+00
5.705855185909981114e-02 3.161035225048923758e-01 1.529955772994129104e+00
4.164060273972602921e-01 3.814248532289628013e-01 2.885994129158512500e+00
4.443282974559687459e-01 3.301657534246575376e-01 2.851061056751467593e+00
3.981958512720156773e-01 2.385344422700587108e-01 1.533131506849314984e+00
1.335412915851272031e-01 3.079383561643835865e-01 2.320713502935420891e+00
2.658685714285714541e-01 3.873219178082191738e-01 2.774843444227006017e+00
5.535893542074364904e-01 3.782495107632093956e-01 2.739910371819960666e+00
5.584454011741683821e-02 3.024949119373777084e-01 1.314005870841487233e+00
2.792227005870841910e-02 3.210933463796477594e-01 2.381052446183953286e+00
8.376681017612525038e-02 4.081884540117416416e-01 2.762140508806262496e+00
1.760317025440313321e-01 3.655481409001957172e-01 2.790722113502935642e+00
5.013868493150684946e-01 3.115673189823874867e-01 2.568420743639921788e+00
2.622265362035225422e-01 4.050131115459882913e-01 2.838358121330724071e+00
2.986468884540117719e-01 3.292585127201565487e-01 2.835182387475538413e+00
2.428023483365949337e-03 3.850538160469667570e-01 2.638286888454011603e+00
1.311132681017612711e-01 1.981622309197651755e-01 1.793541682974559626e+00
3.884837573385518938e-01 2.231113502935420934e-01 2.619232485322896320e+00
2.658685714285714541e-01 2.965978473581213359e-01 1.437859491193737682e+00
5.050288845401174065e-01 3.415062622309197327e-01 2.612881017612524559e+00
5.475192954990215632e-01 4.009305283757338412e-01 1.495022700587084197e+00
1.942418786692759469e-02 3.292585127201565487e-01 2.581123679060665310e+00
5.596594129158513065e-01 3.977551859099804354e-01 2.092060665362035277e+00
4.819626614481409277e-01 2.603082191780822230e-01 1.561713111545988131e+00
4.831766731898239353e-01 2.380808219178082163e-01 2.003140117416829735e+00
3.010749119373777316e-01 2.843500978473580965e-01 2.866939726027397217e+00
1.311132681017612711e-01 2.911544031311154579e-01 2.336592172211350515e+00
1.566075146771037374e-01 2.684733855185910123e-01 2.203211350293542203e+00
4.127639921722113803e-01 3.102064579256360033e-01 2.762140508806262496e+00
4.455423091976516980e-01 3.605583170254402781e-01 1.653809393346379553e+00
4.540403913894325294e-01 2.988659491193738083e-01 1.758608610567514718e+00
5.220250489236790692e-01 3.002268101761252361e-01 1.393399217221134911e+00
6.167179647749511107e-01 3.664553816046967061e-01 1.841177690802348277e+00
1.954558904109589268e-01 2.571328767123287617e-01 2.387403913894324603e+00
4.188340508806262519e-01 2.643908023483366176e-01 2.793897847358121300e+00
3.399232876712329071e-02 2.385344422700587108e-01 2.873291193737768978e+00
5.062428962818004141e-01 2.757313111545988127e-01 1.796717416829745506e+00
4.856046966731898673e-03 3.374236790606653935e-01 2.857412524461839354e+00
3.581334637964775358e-01 4.077348336594912026e-01 1.787190215264187865e+00
5.912237181996086166e-01 3.306193737769080321e-01 2.739910371819960666e+00
4.625384735812133608e-01 4.122710371819960917e-01 2.349295107632094037e+00
3.909117808219178536e-01 3.138354207436399035e-01 2.574772211350293549e+00
3.714875929549902311e-01 1.968013698630137198e-01 2.584299412915851413e+00
8.740884540117417612e-02 2.435242661448140944e-01 2.269901761252445915e+00
3.192850880626223464e-01 3.365164383561644046e-01 2.107939334637964901e+00
5.256670841487279811e-01 3.351555772994129212e-01 2.504906066536203291e+00
6.677064579256360155e-02 3.741669275929550009e-01 1.625227788649706406e+00
2.622265362035225422e-01 3.324338551859099544e-01 2.631935420743639842e+00
1.468954207436399262e-01 3.601046966731897836e-01 1.596646183953033260e+00
4.722505675146771442e-01 4.122710371819960917e-01 1.380696281800391390e+00
3.387092759295499134e-01 3.560221135029354445e-01 1.526780039138943224e+00
2.925768297455969003e-01 2.997731898238747417e-01 2.114290802348336662e+00
4.673945205479452247e-01 2.634835616438356287e-01 2.403282583170254227e+00
3.872697455968689417e-01 4.086420743639921360e-01 1.644282191780821911e+00
4.673945205479452247e-01 2.335446183953033272e-01 2.574772211350293549e+00
1.080470450097847507e-01 3.315266144814089655e-01 2.720855968688845383e+00
6.033638356164383598e-01 3.669090019569472005e-01 1.606173385518590901e+00
4.892467318982388069e-01 2.439778864970645889e-01 2.028545988258317223e+00
4.006238747553816371e-01 3.846001956947162626e-01 1.402926418786692775e+00
2.148800782778865215e-01 3.723524461839530231e-01 1.418805088062622399e+00
3.180710763209393388e-01 3.070311154598825976e-01 1.437859491193737682e+00
4.928887671232877188e-01 2.711951076320939236e-01 1.628403522504892287e+00
6.070058708414873827e-01 2.498749510763209614e-01 1.631579256360078167e+00
5.378072015655577243e-01 2.521430528375733782e-01 1.307654403131115473e+00
5.426632485322896438e-01 2.807211350293541963e-01 1.831650489236790413e+00
1.590355381604696694e-01 4.027450097847358190e-01 2.301659099804305164e+00
5.620874363992173217e-01 2.993195694716243027e-01 2.466797260273972725e+00
4.965308023483366306e-01 2.285547945205479436e-01 2.126993737769080184e+00
1.833157729941291836e-01 4.041058708414873024e-01 2.146048140900195911e+00
3.180710763209393388e-01 3.233614481409001762e-01 1.749081409001956855e+00
3.581334637964775358e-01 3.528467710371819832e-01 2.778019178082191676e+00
8.376681017612525038e-02 3.460424657534246773e-01 2.711328767123287520e+00
3.957678277886497176e-01 3.265367906066536374e-01 1.885637964774951048e+00
4.394722504892368264e-01 2.634835616438356287e-01 1.520428571428571463e+00
2.585845009784736304e-01 3.814248532289628013e-01 1.495022700587084197e+00
2.233781604696673528e-01 2.054201565557730036e-01 2.203211350293542203e+00
4.479703326810176578e-01 2.203896281800391543e-01 1.955504109589041084e+00
5.827256360078278963e-01 3.982088062622309299e-01 2.342943639921721832e+00
4.746785909980431040e-01 2.897935420743640300e-01 2.314362035225048686e+00
3.860557338551859341e-01 4.140855185909980696e-01 1.523604305283757343e+00
6.919866927592956130e-02 2.494213307240704669e-01 1.288599999999999968e+00
3.010749119373777316e-01 2.212968688845401433e-01 2.797073581213306959e+00
2.913628180039139204e-02 2.235649706457925601e-01 2.301659099804305164e+00
5.887956947162427124e-01 3.161035225048923758e-01 1.752257142857142735e+00
1.869578082191780954e-01 2.444315068493150833e-01 1.456913894324853187e+00
3.994098630136986849e-01 3.269904109589041319e-01 2.130169471624266286e+00
1.298992563600782912e-01 3.278976516634051208e-01 1.329884540117416858e+00
3.884837573385518938e-02 1.954405088062622364e-01 1.644282191780821911e+00
2.937908414872798524e-01 2.716487279843444180e-01 2.441391389432485237e+00
3.423513111545988807e-01 3.074847358121330920e-01 2.511257534246575496e+00
1.347553033268101830e-01 2.607618395303327175e-01 1.650633659491193672e+00
2.415883365949119677e-01 4.077348336594912026e-01 1.793541682974559626e+00
3.399232876712329210e-01 3.873219178082191738e-01 1.564888845401174233e+00
5.887956947162427124e-01 2.770921722113502961e-01 2.565245009784735686e+00
2.780086888454011973e-01 3.387845401174168214e-01 1.593470450097847380e+00
3.727016046966732388e-01 2.144925636007827818e-01 2.431864187866927374e+00
2.088100195694716499e-01 3.220005870841486928e-01 2.822479452054794447e+00
2.488724070450098191e-01 2.675661448140900234e-01 1.761784344422700599e+00
4.734645792563600963e-01 2.067810176125244870e-01 1.653809393346379553e+00
7.526872798434443290e-02 2.412561643835616498e-01 2.663692759295499091e+00
3.763436399217221506e-01 3.918581213307240629e-01 1.952328375733855204e+00
4.953167906066536785e-01 2.026984344422700646e-01 1.479144031311154572e+00
5.887956947162427124e-01 3.088455968688845754e-01 1.996788649706457974e+00
3.484213698630137523e-01 1.886362035225049028e-01 2.584299412915851413e+00
4.491843444227006099e-01 2.530502935420743671e-01 1.364817612524461765e+00
4.941027788649706709e-01 2.739168297455968903e-01 2.587475146771037071e+00
2.464443835616438594e-01 2.834428571428571630e-01 2.584299412915851413e+00
9.347890410958904772e-02 2.045129158512720147e-01 2.517609001956946813e+00
1.942418786692759469e-01 2.131317025440313262e-01 1.866583561643835543e+00
2.597985127201565825e-01 2.807211350293541963e-01 2.479500195694716247e+00
2.986468884540117719e-01 2.916080234833659524e-01 1.653809393346379553e+00
3.763436399217221506e-01 2.961442270058708415e-01 2.892345596868884705e+00
6.155039530332681030e-01 3.510322896281800054e-01 1.418805088062622399e+00
8.498082191780823025e-02 4.122710371819960917e-01 2.374700978473581081e+00
1.529654794520547978e-01 1.995230919765166588e-01 1.669688062622309177e+00
1.165451272015655682e-01 3.682698630136986284e-01 2.019018786692759360e+00
5.341651663405088540e-02 3.043093933463796308e-01 1.869759295499021423e+00
2.828647358121331168e-01 2.149461839530332763e-01 2.816127984344422686e+00
5.365931898238748277e-01 3.328874755381604489e-01 2.282604696673189881e+00
6.118619178082191912e-01 2.961442270058708415e-01 2.485851663405088008e+00
8.133878669275930451e-02 3.492178082191780830e-01 1.952328375733855204e+00
8.012477495107632464e-02 3.891363992172210962e-01 1.612524853228962662e+00
4.601104500978474010e-01 2.875254403131115577e-01 2.549366340508806061e+00
5.463052837573385834e-02 3.868682974559686794e-01 2.641462622309197705e+00
2.318762426614481564e-01 3.741669275929550009e-01 2.425512720156556057e+00
6.106479060665362946e-01 1.986158512720156699e-01 1.298127201565557609e+00
3.872697455968689417e-01 3.895900195694715906e-01 2.606529549902152354e+00
5.365931898238748277e-01 2.575864970645792562e-01 2.841533855185909729e+00
5.438772602739726514e-01 2.888863013698630411e-01 1.809420352250489250e+00
1.942418786692759469e-02 3.324338551859099544e-01 1.580767514677103636e+00
8.740884540117417612e-02 4.113637964774951028e-01 2.800249315068493061e+00
3.083589823874755553e-01 3.392381604696673159e-01 1.898340900195694569e+00
2.306622309197651766e-01 2.743704500978473848e-01 1.329884540117416858e+00
4.552544031311154815e-01 3.247223091976516596e-01 1.936449706457925579e+00
1.687476320939334806e-01 3.533003913894324777e-01 2.419161252446183852e+00
5.341651663405088124e-01 2.389880626223092053e-01 2.282604696673189881e+00
1.153311154598825883e-01 4.158999999999999919e-01 2.193684148727984340e+00
2.075960078277886700e-01 3.220005870841486928e-01 2.314362035225048686e+00
5.705855185909981114e-02 3.977551859099804354e-01 2.123818003913894081e+00
3.593474755381604879e-01 3.165571428571428703e-01 1.653809393346379553e+00
2.646545596868885020e-01 2.584937377690802451e-01 1.288599999999999968e+00
1.905998434442270351e-01 2.299156555772994270e-01 1.815771819960861011e+00
3.714875929549902311e-01 2.956906066536203470e-01 2.898697064579256022e+00
3.484213698630137523e-01 2.544111545988258505e-01 2.400106849315068125e+00
2.245921722113503050e-01 3.832393346379647792e-01 2.647814090019569466e+00
5.900097064579257200e-01 3.868682974559686794e-01 1.752257142857142735e+00
5.183830136986301573e-01 2.553183953033268394e-01 2.771667710371819915e+00
1.019769863013698652e-01 2.281011741682974492e-01 1.803068884540117267e+00
5.754415655577299615e-01 2.739168297455968903e-01 2.317537769080234789e+00
5.523753424657534827e-01 1.890898238747553972e-01 2.492203131115459769e+00
5.293091193737770039e-01 3.297121330724070432e-01 1.387047749510763150e+00
5.754415655577299615e-01 1.977086105675146810e-01 2.797073581213306959e+00
2.816507240704501092e-01 2.448851272015655778e-01 2.832006653620352310e+00
5.778695890410959768e-01 3.800639921722113179e-01 2.390579647749510706e+00
1.456814090019569741e-01 3.083919765166340810e-01 2.339767906066536174e+00
1.092610567514677167e-01 2.258330724070450324e-01 1.793541682974559626e+00
7.284070450097848010e-03 2.861645792563600743e-01 1.485495499021526333e+00
5.001728375733855980e-01 4.127246575342465862e-01 2.104763600782778799e+00
5.790836007827788734e-01 3.646409001956947282e-01 2.133345205479451945e+00
3.144290410958904269e-01 2.276475538160469825e-01 1.796717416829745506e+00
1.675336203522505008e-01 3.247223091976516596e-01 2.336592172211350515e+00
5.657294716242662336e-01 4.031986301369863135e-01 2.384228180039138945e+00
1.942418786692759469e-02 1.913579256360078418e-01 2.898697064579256022e+00
5.827256360078278963e-01 3.709915851272015397e-01 1.596646183953033260e+00
1.432533855185910143e-01 3.764350293542074732e-01 1.348938943248532363e+00
5.936517416829746319e-01 2.376272015655577496e-01 2.631935420743639842e+00
5.815116242661448887e-01 3.464960861056751718e-01 1.695093933463796443e+00
3.957678277886497176e-01 2.276475538160469825e-01 1.977734246575342469e+00
1.711756555772994404e-01 3.170107632093933647e-01 1.676039530332680938e+00
3.593474755381604879e-01 3.877755381604696683e-01 1.930098238747553818e+00
1.274712328767123315e-01 2.761849315068493071e-01 1.622052054794520526e+00
2.221641487279843730e-01 3.646409001956947282e-01 2.428688454011741715e+00
5.463052837573385556e-01 3.006804305283757306e-01 2.463621526418786623e+00
5.062428962818004141e-01 3.632800391389432448e-01 2.860588258317025456e+00
8.740884540117417612e-02 2.335446183953033272e-01 1.491846966731898316e+00
6.094338943248532869e-01 3.954870841487280186e-01 2.273077495107632018e+00
4.455423091976516980e-01 2.634835616438356287e-01 1.771311545988258240e+00
1.104750684931506965e-01 2.049665362035225091e-01 2.635111154598825500e+00
2.974328767123288197e-01 2.761849315068493071e-01 2.571596477495107891e+00
1.335412915851272031e-01 3.855074363992172515e-01 1.730027005870841350e+00
4.212620743639922116e-01 2.085954990215264371e-01 1.812596086105675131e+00
1.918138551859099872e-01 3.210933463796477594e-01 1.482319765166340453e+00
4.224760861056751637e-01 3.365164383561644046e-01 2.727207436399217144e+00
1.784597260273972641e-01 3.088455968688845754e-01 2.006315851272015394e+00
4.382582387475538743e-01 3.582902152641878613e-01 1.818947553816046891e+00
1.614635616438356291e-01 4.045594911937377969e-01 1.838001956947162396e+00
5.584454011741682988e-01 2.589473581213307396e-01 2.778019178082191676e+00
5.948657534246576395e-01 3.650945205479452227e-01 1.380696281800391390e+00
2.950048532289628600e-01 3.982088062622309299e-01 2.565245009784735686e+00
4.588964383561644489e-01 2.439778864970645889e-01 1.790365949119373745e+00
4.686085322896282324e-01 3.215469667318982538e-01 1.485495499021526333e+00
3.544914285714286240e-01 2.621227005870841453e-01 1.641106457925636031e+00
8.498082191780822678e-03 4.086420743639921360e-01 2.476324461839530144e+00
3.642035225048924005e-03 3.460424657534246773e-01 1.472792563600782811e+00
1.420393737769080345e-01 3.932189823874755463e-01 1.523604305283757343e+00
5.341651663405088124e-01 1.841000000000000136e-01 2.832006653620352310e+00
2.889347945205479884e-01 4.031986301369863135e-01 2.597002348336594935e+00
5.924377299412916242e-01 4.136318982387475751e-01 2.301659099804305164e+00
4.661805088062622726e-01 4.054667318982387858e-01 1.736378473581213333e+00
2.792227005870841910e-02 3.687234833659491229e-01 1.847529158512720038e+00
1.189731506849315140e-01 2.707414872798434846e-01 2.466797260273972725e+00
5.171690019569472607e-01 3.170107632093933647e-01 1.333060273972602738e+00
4.103359686888454205e-01 3.256295499021526485e-01 2.327064970645792208e+00
3.642035225048924074e-01 2.435242661448140944e-01 2.844709589041095832e+00
2.015259491193737984e-01 4.031986301369863135e-01 1.358466144814090004e+00
2.573704892367906227e-01 2.108636007827788816e-01 2.339767906066536174e+00
4.370442270058708806e-02 2.421634050880626388e-01 2.139696673189823706e+00
4.164060273972602921e-01 2.081418786692759426e-01 2.142872407045009808e+00
2.343042661448141162e-01 3.274440313111546264e-01 1.952328375733855204e+00
5.341651663405088540e-02 2.444315068493150833e-01 2.673219960861056954e+00
2.658685714285714541e-01 3.197324853228962760e-01 1.914219569471624194e+00
5.026008610567515023e-01 2.929688845401174357e-01 2.184156947162426476e+00
2.233781604696673528e-01 2.594009784735812341e-01 2.241320156555772769e+00
5.268810958904109887e-01 2.852573385518590854e-01 2.571596477495107891e+00
4.856046966731898673e-02 2.838964774951076575e-01 1.863407827788649662e+00
5.026008610567515023e-01 1.936260273972602863e-01 2.708153033268101417e+00
1.699616438356164536e-02 3.020412915851272140e-01 1.707796868884539965e+00
1.141171037181996223e-01 2.276475538160469825e-01 2.260374559686888496e+00
2.112380430528375819e-01 2.453387475538160722e-01 2.654165557729941227e+00
5.026008610567515023e-01 1.895434442270058917e-01 1.679215264187866818e+00
2.015259491193737984e-01 3.814248532289628013e-01 1.396574951076321014e+00
