1.000580645161290444e-01 3.112161290322580376e-01 2.702006451612903426e+00
3.802206451612903382e-01 4.084225806451612373e-01 2.178522580645161355e+00
5.403135483870967759e-01 2.214870967741935648e-01 2.021477419354838823e+00
3.201858064516129310e-01 2.813064516129032411e-01 2.597309677419354923e+00
3.602090322580645543e-01 2.513967741935483891e-01 2.702006451612903426e+00
4.002322580645161637e-02 3.037387096774193385e-01 1.340948387096774219e+00
4.802787096774193687e-01 3.186935483870967367e-01 2.021477419354838823e+00
2.401393548387096843e-01 2.513967741935483891e-01 1.550341935483871003e+00
3.802206451612903382e-01 2.364419354838709908e-01 1.288599999999999968e+00
5.002903225806452081e-01 3.037387096774193385e-01 1.916780645161290320e+00
3.802206451612903382e-01 2.887838709677419402e-01 2.387916129032258361e+00
5.403135483870967759e-01 3.934677419354838390e-01 1.655038709677419284e+00
5.603251612903226153e-01 2.140096774193548379e-01 1.864432258064516068e+00
2.801625806451613077e-01 2.962612903225806393e-01 1.864432258064516068e+00
2.001161290322580888e-01 4.084225806451612373e-01 2.597309677419354923e+00
6.203600000000000225e-01 2.439193548387096899e-01 1.655038709677419284e+00
5.203019354838710475e-01 2.439193548387096899e-01 2.126174193548386882e+00
1.801045161290322771e-01 1.915774193548387128e-01 2.859051612903225958e+00
5.002903225806452081e-01 3.112161290322580376e-01 1.550341935483871003e+00
5.002903225806452081e-01 2.065322580645161388e-01 2.544961290322580894e+00
4.002322580645161637e-02 4.084225806451612373e-01 2.492612903225806420e+00
3.401974193548387149e-01 2.887838709677419402e-01 1.340948387096774219e+00
5.002903225806452081e-01 3.037387096774193385e-01 1.445645161290322500e+00
2.401393548387096843e-01 2.738290322580645419e-01 1.288599999999999968e+00
0.000000000000000000e+00 2.214870967741935648e-01 2.283219354838709414e+00
5.203019354838710475e-01 3.261709677419354914e-01 1.916780645161290320e+00
2.601509677419355238e-01 3.635580645161290425e-01 2.754354838709677455e+00
3.201858064516129310e-01 3.336483870967741905e-01 2.492612903225806420e+00
1.400812903225806538e-01 3.785129032258064408e-01 2.440264516129031946e+00
5.403135483870967759e-01 2.962612903225806393e-01 1.916780645161290320e+00
4.002322580645161637e-02 3.859903225806451399e-01 2.597309677419354923e+00
4.002322580645161637e-02 2.289645161290322639e-01 1.812083870967741817e+00
